0.000000
0.000000
0.000000
0.000000
0.000000
0.000000
0.000000
0.000000
0.000000
0.000000
0.000000
0.000000
0.000000
0.000000
0.000000
0.000000
0.000000
0.000000
0.000000
0.000000
0.000000
0.000000
0.000000
0.000000
0.000000
0.000000
0.000000
0.000000
0.000000
0.000000
0.000000
0.000000
0.000000
0.000000
0.000000
0.000000
0.000000
0.000000
0.000000
0.000000
0.000000
0.000000
0.000000
0.000000
0.000000
0.000000
0.000000
0.000000
0.000000
0.000000
0.000000
0.000000
0.000000
0.000000
0.000000
0.000000
0.000000
0.000000
0.000000
0.000000
0.000000
0.000000
0.000000
0.000000
0.000000
0.000000
0.000000
0.000000
0.000000
0.000000
0.000000
0.000000
0.000000
0.000000
0.000000
0.000000
0.000000
0.000000
0.000000
0.000000
0.000000
0.000000
0.000000
0.000000
0.000000
0.000000
0.000000
0.000000
0.000000
0.000000
0.000000
0.000000
0.000000
0.000000
0.000000
0.000000
0.000000
0.000000
0.000000
0.000000
0.000000
0.000000
0.600000
0.000000
0.000000
0.200000
0.000000
0.800000
0.600000
0.200000
0.200000
3.800000
0.000000
0.400000
0.000000
0.000000
0.400000
0.000000
0.800000
0.400000
0.200000
0.000000
0.000000
0.000000
0.000000
0.000000
0.000000
0.000000
0.000000
0.000000
0.000000
0.000000
0.000000
1.000000
1.000000
0.000000
0.600000
0.000000
0.000000
0.000000
0.000000
0.000000
0.200000
0.000000
1.200000
0.400000
0.400000
1.400000
0.000000
0.000000
1.400000
0.200000
0.000000
3.000000
1.800000
0.800000
4.600000
2.800000
4.200000
1.600000
1.600000
0.000000
6.400000
0.800000
3.600000
2.400000
0.600000
4.600000
0.600000
2.800000
2.600000
2.200000
5.200000
0.000000
0.800000
0.000000
0.400000
2.800000
0.800000
2.600000
2.600000
0.600000
1.800000
0.600000
2.800000
5.400000
1.600000
4.200000
0.000000
3.400000
3.400000
1.600000
3.000000
4.800000
4.600000
6.000000
2.800000
5.200000
6.600000
0.000000
2.000000
5.800000
0.600000
2.000000
5.600000
6.400000
3.600000
7.200000
6.800000
7.400000
2.200000
2.400000
0.600000
13.200000
2.200000
6.200000
9.000000
1.000000
9.200000
1.800000
6.400000
7.000000
5.400000
7.600000
0.000000
1.400000
0.200000
1.600000
5.400000
2.800000
12.800000
5.800000
0.600000
9.200000
1.600000
6.400000
8.800000
2.200000
6.800000
0.400000
4.800000
7.600000
3.800000
5.400000
5.200000
7.800000
11.600000
3.600000
9.800000
10.400000
0.400000
8.200000
9.600000
1.000000
5.400000
8.800000
10.200000
9.000000
12.800000
13.600000
14.800000
8.000000
5.400000
4.400000
16.000000
5.600000
17.600000
17.799999
3.000000
14.000000
3.200000
11.000000
14.600000
15.200000
11.200000
0.000000
3.600000
5.200000
4.800000
9.800000
11.800000
20.400000
14.200000
3.800000
15.400000
5.200000
16.200001
12.600000
4.800000
11.800000
3.400000
15.400000
10.400000
8.800000
13.000000
10.200000
15.200000
20.799999
16.000000
14.600000
18.600000
6.000000
13.400000
13.600000
10.400000
13.400000
16.799999
13.800000
15.600000
18.799999
19.200001
15.400000
6.000000
13.000000
14.800000
20.000000
5.400000
23.200001
21.200001
14.400000
13.000000
11.000000
19.400000
20.200001
22.400000
18.200001
1.000000
8.600000
9.800000
8.000000
12.400000
15.600000
23.600000
19.400000
13.400000
23.000000
12.400000
22.600000
16.000000
10.600000
14.800000
10.400000
17.000000
17.000000
14.000000
20.000000
12.800000
24.000000
27.799999
21.799999
22.799999
25.400000
13.200000
17.600000
19.200001
16.200001
18.600000
22.200001
22.400000
24.200001
23.600000
25.200001
20.600000
12.000000
18.799999
20.799999
27.799999
10.000000
29.200001
22.600000
18.400000
20.600000
18.600000
26.799999
26.400000
26.400000
20.600000
2.000000
14.800000
15.600000
15.800000
17.400000
20.200001
27.400000
21.400000
16.400000
27.000000
15.600000
29.200001
22.200001
15.000000
18.799999
15.800000
22.200001
20.400000
16.000000
26.200001
17.400000
28.200001
33.599998
24.000000
29.200001
29.600000
22.000000
21.000000
26.400000
24.600000
25.000000
25.400000
27.600000
29.400000
29.000000
31.799999
28.200001
19.799999
26.600000
26.799999
33.200001
11.200000
34.200001
28.000000
26.000000
25.600000
27.400000
31.600000
34.200001
31.200001
24.000000
4.800000
18.200001
17.600000
24.000000
22.200001
27.799999
30.400000
27.200001
21.400000
34.200001
22.400000
36.799999
22.600000
24.600000
27.799999
23.400000
27.799999
27.200001
18.400000
29.200001
24.200001
34.799999
36.000000
26.799999
33.400002
36.200001
29.400000
28.400000
29.200001
29.000000
32.400002
31.600000
31.600000
31.799999
31.799999
37.000000
32.599998
25.600000
28.799999
32.400002
33.799999
16.200001
36.799999
31.200001
27.799999
25.400000
32.000000
34.200001
35.599998
36.400002
29.600000
7.000000
19.400000
24.400000
29.799999
30.000000
33.000000
32.200001
30.000000
30.200001
38.000000
26.000000
39.400002
27.400000
31.799999
32.200001
26.799999
33.799999
33.200001
23.400000
31.600000
26.600000
38.000000
39.799999
31.400000
39.000000
40.400002
31.000000
31.400000
30.400000
31.200001
37.000000
32.799999
34.400002
34.599998
33.799999
38.799999
36.000000
26.200001
32.599998
34.799999
37.400002
20.000000
38.599998
34.599998
33.200001
29.000000
33.799999
38.599998
37.799999
39.400002
33.200001
8.400000
24.000000
28.000000
30.400000
34.400002
37.599998
37.000000
33.599998
33.400002
41.200001
29.400000
42.599998
30.400000
36.000000
34.400002
29.200001
37.799999
36.000000
26.799999
32.599998
32.000000
40.599998
42.799999
36.200001
40.200001
42.799999
31.200001
32.400002
35.400002
36.400002
41.400002
36.000000
39.200001
40.400002
36.799999
42.799999
40.200001
33.400002
37.400002
39.000000
42.400002
24.200001
41.799999
40.200001
37.000000
30.200001
38.000000
40.000000
40.599998
42.599998
40.000000
19.200001
29.600000
32.400002
33.200001
34.400002
43.200001
40.799999
35.799999
35.599998
47.000000
34.200001
44.200001
35.400002
39.599998
40.000000
31.600000
40.599998
40.400002
30.000000
36.799999
33.799999
42.400002
47.400002
37.000000
43.000000
46.200001
34.000000
35.599998
37.200001
40.799999
45.599998
38.599998
41.200001
43.400002
38.200001
47.200001
43.599998
37.400002
40.599998
41.400002
41.799999
26.000000
43.799999
45.200001
44.200001
35.400002
39.400002
41.000000
44.000000
44.599998
44.000000
22.799999
35.400002
34.599998
35.599998
34.799999
45.400002
45.000000
35.400002
40.400002
50.000000
37.200001
47.400002
36.200001
42.799999
44.599998
36.799999
44.000000
44.599998
34.000000
41.599998
36.400002
45.200001
49.400002
38.799999
44.400002
50.200001
40.400002
40.000000
39.799999
43.000000
48.599998
42.799999
45.599998
47.400002
44.799999
49.599998
44.400002
42.400002
45.400002
44.400002
46.000000
31.600000
45.400002
49.000000
45.799999
39.200001
43.200001
43.799999
46.400002
46.400002
48.799999
33.000000
39.799999
38.799999
40.599998
38.799999
47.599998
49.200001
36.200001
43.400002
55.000000
43.400002
51.599998
41.200001
43.599998
48.000000
38.000000
48.599998
48.200001
36.200001
43.799999
38.599998
49.400002
51.000000
42.000000
47.400002
54.000000
45.599998
39.200001
42.599998
46.200001
51.599998
47.000000
50.400002
48.599998
48.599998
54.200001
47.400002
45.000000
48.599998
48.000000
49.400002
35.400002
48.799999
53.200001
47.599998
43.400002
45.400002
45.400002
50.599998
49.599998
50.200001
36.200001
43.400002
44.200001
45.000000
40.400002
48.599998
51.599998
42.000000
46.000000
57.200001
45.000000
54.599998
44.000000
45.799999
52.400002
43.200001
51.799999
51.200001
42.200001
43.400002
42.799999
51.200001
53.200001
47.599998
52.799999
57.799999
47.400002
43.599998
45.200001
50.599998
53.000000
49.599998
51.599998
49.799999
49.200001
55.400002
47.599998
48.400002
51.599998
52.400002
53.599998
37.000000
52.400002
55.200001
50.799999
44.599998
47.200001
47.799999
52.799999
52.599998
54.000000
40.400002
43.799999
49.200001
48.599998
45.000000
52.200001
54.200001
45.200001
48.000000
59.599998
48.200001
55.599998
47.200001
49.200001
53.200001
47.000000
53.599998
53.000000
46.200001
47.400002
44.599998
50.799999
54.200001
49.400002
54.200001
59.200001
51.200001
46.200001
46.200001
52.000000
54.799999
52.200001
54.599998
51.599998
51.200001
56.799999
52.200001
50.200001
54.599998
56.000000
55.200001
38.799999
53.200001
59.200001
53.000000
47.799999
49.599998
48.799999
53.599998
53.400002
57.200001
44.000000
48.000000
51.799999
49.599998
44.599998
53.799999
56.000000
48.000000
50.599998
62.599998
49.400002
58.599998
47.599998
50.599998
55.799999
51.200001
56.599998
54.200001
47.200001
50.400002
47.200001
53.799999
57.799999
51.400002
57.599998
61.200001
51.400002
48.599998
48.599998
53.799999
56.599998
54.799999
57.799999
55.400002
54.400002
58.799999
54.200001
52.200001
56.000000
58.400002
55.000000
41.599998
55.400002
61.799999
55.200001
53.200001
52.799999
48.799999
56.200001
56.000000
59.200001
46.000000
47.799999
53.000000
51.799999
48.599998
57.799999
58.200001
51.200001
52.799999
64.599998
50.599998
59.200001
49.799999
53.200001
57.799999
52.000000
60.400002
54.200001
46.400002
53.799999
50.799999
53.799999
58.400002
55.400002
61.000000
62.799999
54.200001
51.000000
51.000000
56.200001
58.000000
55.599998
60.799999
59.400002
56.799999
59.799999
56.200001
55.799999
56.599998
60.599998
55.400002
43.599998
57.599998
64.599998
59.400002
57.200001
53.400002
49.000000
58.000000
58.599998
60.799999
47.400002
51.400002
54.400002
54.000000
51.400002
59.799999
60.400002
52.200001
56.400002
66.199997
54.200001
63.000000
52.000000
56.000000
58.799999
54.000000
61.799999
55.599998
51.000000
56.200001
54.799999
57.200001
60.799999
58.000000
61.200001
64.400002
59.200001
53.599998
53.599998
58.000000
58.400002
56.000000
62.200001
61.000000
57.799999
61.000000
59.400002
58.799999
58.799999
62.200001
56.799999
44.799999
58.200001
66.000000
59.400002
58.599998
54.400002
51.000000
59.599998
59.799999
61.400002
46.599998
51.799999
57.000000
55.599998
55.799999
60.200001
62.400002
54.400002
58.599998
68.000000
57.400002
66.000000
51.599998
57.400002
61.000000
57.000000
64.599998
59.200001
52.000000
56.200001
55.200001
59.200001
62.000000
58.799999
64.199997
65.599998
62.000000
56.000000
54.400002
59.400002
60.599998
55.799999
65.400002
63.200001
60.400002
62.400002
62.799999
61.599998
61.200001
65.000000
60.200001
45.200001
61.599998
69.599998
62.000000
60.799999
57.799999
54.599998
63.599998
64.000000
62.400002
50.599998
54.400002
61.400002
59.400002
57.599998
63.599998
65.599998
56.799999
60.799999
70.199997
59.799999
68.000000
54.599998
62.200001
62.400002
59.599998
67.400002
60.599998
55.599998
58.599998
57.599998
61.200001
65.800003
61.200001
64.800003
69.400002
64.599998
57.000000
58.200001
61.200001
64.000000
57.000000
67.400002
62.799999
61.599998
63.400002
65.199997
62.799999
63.000000
64.800003
62.200001
47.599998
63.400002
70.400002
63.599998
62.799999
59.599998
56.200001
65.400002
64.800003
64.599998
54.000000
55.200001
62.599998
59.000000
58.200001
65.800003
66.599998
59.799999
61.799999
71.400002
61.200001
70.000000
55.200001
62.200001
64.000000
60.599998
69.000000
62.799999
58.200001
61.200001
59.599998
64.400002
66.000000
62.799999
66.800003
71.400002
65.199997
58.599998
58.599998
62.400002
66.000000
59.599998
69.800003
65.199997
62.799999
65.199997
67.400002
65.199997
63.799999
66.599998
63.599998
49.400002
64.000000
70.800003
65.199997
65.000000
59.799999
59.000000
66.000000
66.000000
66.199997
54.400002
56.799999
64.400002
61.799999
60.000000
66.599998
67.000000
59.799999
63.200001
73.000000
62.400002
71.000000
57.599998
64.199997
66.000000
62.000000
71.199997
65.599998
60.200001
63.000000
61.799999
66.800003
68.400002
64.400002
68.000000
72.000000
67.199997
61.200001
58.799999
62.400002
66.599998
59.799999
71.599998
67.599998
66.199997
67.400002
69.400002
67.199997
66.199997
68.000000
67.400002
50.799999
66.599998
72.599998
65.199997
68.599998
62.799999
59.799999
68.000000
69.000000
69.800003
57.799999
58.799999
66.400002
63.200001
61.599998
68.800003
69.599998
61.799999
63.200001
73.000000
64.199997
72.400002
59.599998
66.599998
68.199997
63.400002
71.400002
68.000000
62.400002
65.800003
63.599998
69.400002
68.000000
66.199997
71.599998
72.000000
70.400002
64.199997
59.799999
63.799999
68.800003
61.000000
73.599998
68.599998
67.599998
69.199997
71.800003
68.599998
68.400002
68.800003
68.599998
52.599998
68.599998
73.800003
66.000000
70.400002
64.800003
61.200001
69.800003
70.000000
70.400002
58.000000
60.799999
67.599998
64.000000
63.599998
70.599998
71.000000
63.000000
66.599998
73.800003
65.599998
73.400002
60.799999
68.199997
71.000000
65.400002
73.199997
67.599998
64.199997
67.800003
64.199997
69.400002
70.400002
67.400002
74.599998
73.400002
73.199997
64.599998
60.799999
65.800003
72.199997
63.200001
74.800003
69.400002
70.599998
69.599998
74.599998
70.199997
70.400002
71.000000
71.400002
54.000000
69.800003
75.800003
66.599998
72.400002
66.400002
63.799999
71.599998
72.400002
72.199997
59.000000
64.199997
69.400002
67.599998
65.199997
71.800003
72.400002
64.000000
66.599998
75.199997
66.400002
73.599998
64.599998
71.400002
73.400002
68.400002
75.400002
69.400002
66.400002
70.000000
67.599998
70.199997
71.000000
70.000000
75.800003
74.000000
75.199997
66.599998
63.000000
67.599998
72.599998
64.599998
76.800003
71.199997
71.400002
69.800003
75.000000
70.800003
71.800003
72.800003
71.400002
54.599998
70.800003
76.199997
71.000000
74.199997
67.800003
65.800003
74.199997
74.400002
74.000000
61.200001
68.000000
70.199997
69.199997
67.000000
73.599998
74.000000
65.400002
67.199997
76.400002
69.599998
75.199997
66.000000
73.000000
74.400002
71.199997
77.599998
70.000000
66.199997
71.800003
68.199997
73.400002
73.800003
71.800003
77.800003
75.800003
76.400002
68.800003
63.400002
67.800003
75.000000
66.400002
78.800003
72.199997
72.400002
72.800003
77.199997
72.199997
74.400002
74.800003
74.199997
56.200001
73.800003
77.400002
73.400002
76.199997
69.199997
66.400002
75.400002
75.000000
74.400002
64.599998
69.400002
72.800003
72.000000
69.000000
74.400002
76.000000
64.599998
68.400002
77.599998
70.199997
77.000000
67.599998
75.400002
76.599998
73.000000
78.000000
73.000000
68.199997
74.000000
69.599998
75.400002
76.199997
73.800003
79.199997
79.400002
79.400002
70.199997
66.000000
68.199997
76.800003
68.800003
80.000000
73.400002
75.400002
75.000000
79.800003
73.400002
76.199997
76.000000
76.800003
57.599998
74.400002
77.800003
74.199997
77.599998
71.000000
66.599998
77.599998
75.800003
75.199997
64.800003
71.800003
75.800003
74.400002
70.400002
75.599998
76.199997
64.599998
69.400002
78.199997
73.199997
77.400002
70.000000
77.000000
77.599998
75.000000
79.199997
73.000000
70.199997
75.800003
71.599998
75.199997
77.000000
76.199997
80.400002
81.400002
80.400002
70.800003
67.199997
68.599998
78.800003
72.000000
81.400002
73.800003
75.400002
77.400002
80.599998
74.800003
76.199997
78.400002
78.000000
61.799999
74.599998
79.400002
75.800003
79.199997
73.400002
68.599998
77.800003
76.000000
77.000000
64.800003
71.800003
76.199997
75.000000
72.400002
77.000000
78.199997
67.199997
70.800003
79.800003
74.800003
78.000000
71.800003
78.400002
77.800003
76.599998
80.400002
74.800003
72.000000
77.400002
72.599998
75.400002
78.599998
77.599998
83.000000
82.000000
81.800003
72.000000
68.000000
70.800003
79.400002
0.200000
0.000000
0.000000
0.000000
0.000000
0.000000
0.000000
0.000000
0.000000
1.400000
0.000000
0.000000
0.000000
0.000000
0.000000
0.000000
0.000000
0.000000
0.000000
0.000000
0.000000
0.000000
0.000000
0.000000
0.000000
0.000000
0.000000
0.000000
0.000000
0.000000
0.000000
0.000000
0.000000
0.000000
0.000000
0.000000
0.000000
0.000000
0.000000
0.000000
0.000000
0.000000
0.000000
0.000000
0.000000
0.400000
0.000000
0.000000
0.200000
0.000000
0.000000
5.600000
6.400000
3.600000
7.200000
6.800000
7.400000
2.200000
2.400000
0.600000
13.200000
2.200000
6.200000
9.000000
1.000000
9.200000
1.800000
6.400000
7.000000
5.400000
7.600000
0.000000
1.400000
0.200000
1.600000
5.400000
2.800000
12.800000
5.800000
0.600000
9.200000
1.600000
6.400000
8.800000
2.200000
6.800000
0.400000
4.800000
7.600000
3.800000
5.400000
5.200000
7.800000
11.600000
3.600000
9.800000
10.400000
0.400000
8.200000
9.600000
1.000000
5.400000
19.200001
18.000000
18.600000
22.600000
24.400000
18.000000
8.000000
13.200000
18.799999
25.000000
8.400000
27.000000
20.799999
15.200000
15.600000
12.800000
22.600000
24.000000
25.200001
20.799999
2.400000
10.800000
13.200000
13.000000
15.600000
16.799999
26.600000
21.000000
15.800000
26.200001
16.000000
26.200001
18.400000
12.800000
17.200001
12.800000
18.799999
20.400000
13.600000
23.400000
15.000000
25.799999
30.799999
23.400000
26.400000
26.400000
17.000000
18.400000
21.000000
21.200001
22.200001
31.600000
31.600000
31.799999
31.799999
37.000000
32.599998
25.600000
28.799999
32.400002
33.799999
16.200001
36.799999
31.200001
27.799999
25.400000
32.000000
34.200001
35.599998
36.400002
29.600000
7.000000
19.400000
24.400000
29.799999
30.000000
33.000000
32.200001
30.000000
30.200001
38.000000
26.000000
39.400002
27.400000
31.799999
32.200001
26.799999
33.799999
33.200001
23.400000
31.600000
26.600000
38.000000
39.799999
31.400000
39.000000
40.400002
31.000000
31.400000
30.400000
31.200001
37.000000
37.000000
39.200001
42.000000
38.400002
44.599998
42.200001
34.000000
38.200001
40.799999
42.200001
25.600000
42.000000
43.000000
42.200001
33.200001
37.400002
41.200001
42.599998
43.799999
41.400002
20.799999
33.000000
32.599998
36.000000
34.799999
45.599998
42.000000
35.799999
38.599998
50.000000
36.200001
45.599998
35.000000
41.599998
42.200001
33.599998
42.400002
43.200001
34.000000
40.200001
34.200001
45.000000
48.799999
37.599998
42.799999
48.200001
37.200001
39.000000
38.400002
41.599998
46.200001
47.000000
50.400002
48.599998
48.599998
54.200001
47.400002
45.000000
48.599998
48.000000
49.400002
35.400002
48.799999
53.200001
47.599998
43.400002
45.400002
45.400002
50.599998
49.599998
50.200001
36.200001
43.400002
44.200001
45.000000
40.400002
48.599998
51.599998
42.000000
46.000000
57.200001
45.000000
54.599998
44.000000
45.799999
52.400002
43.200001
51.799999
51.200001
42.200001
43.400002
42.799999
51.200001
53.200001
47.599998
52.799999
57.799999
47.400002
43.599998
45.200001
50.599998
53.000000
52.000000
55.799999
53.799999
52.799999
56.200001
53.799999
52.200001
56.000000
57.000000
55.200001
41.599998
53.599998
60.599998
53.200001
50.000000
51.599998
48.200001
55.400002
53.400002
57.599998
43.000000
48.400002
52.400002
50.599998
46.799999
55.799999
57.599998
48.200001
50.599998
64.000000
51.000000
58.799999
49.000000
52.599998
56.000000
50.599998
58.000000
54.599998
46.599998
52.000000
49.599998
53.599998
57.599998
53.799999
58.400002
62.599998
52.599998
48.599998
51.599998
55.799999
57.799999
56.000000
62.200001
61.000000
57.799999
61.000000
59.400002
58.799999
58.799999
62.200001
56.799999
44.799999
58.200001
66.000000
59.400002
58.599998
54.400002
51.000000
59.599998
59.799999
61.400002
46.599998
51.799999
57.000000
55.599998
55.799999
60.200001
62.400002
54.400002
58.599998
68.000000
57.400002
66.000000
51.599998
57.400002
61.000000
57.000000
64.599998
59.200001
52.000000
56.200001
55.200001
59.200001
62.000000
58.799999
64.199997
65.599998
62.000000
56.000000
54.400002
59.400002
60.599998
59.200001
68.800003
63.799999
62.599998
64.400002
66.599998
64.599998
63.599998
64.599998
63.400002
47.599998
64.000000
70.599998
64.400002
63.799999
59.799999
58.200001
65.800003
64.599998
65.599998
53.400002
57.000000
64.000000
60.400002
60.200001
66.199997
66.199997
59.200001
62.200001
71.400002
62.000000
70.000000
55.599998
63.200001
65.599998
62.000000
70.000000
64.400002
60.000000
62.200001
61.200001
65.599998
67.800003
62.799999
67.599998
71.800003
66.000000
60.799999
58.799999
62.599998
66.199997
61.000000
73.599998
68.599998
67.599998
69.199997
71.800003
68.599998
68.400002
68.800003
68.599998
52.599998
68.599998
73.800003
66.000000
70.400002
64.800003
61.200001
69.800003
70.000000
70.400002
58.000000
60.799999
67.599998
64.000000
63.599998
70.599998
71.000000
63.000000
66.599998
73.800003
65.599998
73.400002
60.799999
68.199997
71.000000
65.400002
73.199997
67.599998
64.199997
67.800003
64.199997
69.400002
70.400002
67.400002
74.599998
73.400002
73.199997
64.599998
60.799999
65.800003
72.199997
64.599998
77.800003
72.000000
70.599998
71.400002
76.000000
72.199997
73.800003
74.400002
72.800003
55.799999
72.400002
76.400002
72.800003
76.000000
68.000000
66.599998
75.199997
75.199997
74.400002
63.000000
69.199997
71.599998
71.199997
67.800003
74.400002
74.800003
65.000000
67.000000
76.199997
69.199997
76.000000
67.400002
73.800003
76.400002
71.800003
77.400002
71.199997
68.199997
73.000000
68.000000
75.400002
75.800003
73.199997
78.199997
77.599998
77.800003
70.400002
64.599998
68.000000
76.400002
72.000000
81.400002
73.800003
75.400002
77.400002
80.599998
74.800003
76.199997
78.400002
78.000000
61.799999
74.599998
79.400002
75.800003
79.199997
73.400002
68.599998
77.800003
76.000000
77.000000
64.800003
71.800003
76.199997
75.000000
72.400002
77.000000
78.199997
67.199997
70.800003
79.800003
74.800003
78.000000
71.800003
78.400002
77.800003
76.599998
80.400002
74.800003
72.000000
77.400002
72.599998
75.400002
78.599998
77.599998
83.000000
82.000000
81.800003
72.000000
68.000000
70.800003
79.400002
5.600000
6.400000
3.600000
7.200000
6.800000
7.400000
2.200000
2.400000
0.600000
13.200000
2.200000
6.200000
9.000000
1.000000
9.200000
1.800000
6.400000
7.000000
5.400000
7.600000
0.000000
1.400000
0.200000
1.600000
5.400000
2.800000
12.800000
5.800000
0.600000
9.200000
1.600000
6.400000
8.800000
2.200000
6.800000
0.400000
4.800000
7.600000
3.800000
5.400000
5.200000
7.800000
11.600000
3.600000
9.800000
10.400000
0.400000
8.200000
9.600000
1.000000
5.400000
31.600000
31.600000
31.799999
31.799999
37.000000
32.599998
25.600000
28.799999
32.400002
33.799999
16.200001
36.799999
31.200001
27.799999
25.400000
32.000000
34.200001
35.599998
36.400002
29.600000
7.000000
19.400000
24.400000
29.799999
30.000000
33.000000
32.200001
30.000000
30.200001
38.000000
26.000000
39.400002
27.400000
31.799999
32.200001
26.799999
33.799999
33.200001
23.400000
31.600000
26.600000
38.000000
39.799999
31.400000
39.000000
40.400002
31.000000
31.400000
30.400000
31.200001
37.000000
47.000000
50.400002
48.599998
48.599998
54.200001
47.400002
45.000000
48.599998
48.000000
49.400002
35.400002
48.799999
53.200001
47.599998
43.400002
45.400002
45.400002
50.599998
49.599998
50.200001
36.200001
43.400002
44.200001
45.000000
40.400002
48.599998
51.599998
42.000000
46.000000
57.200001
45.000000
54.599998
44.000000
45.799999
52.400002
43.200001
51.799999
51.200001
42.200001
43.400002
42.799999
51.200001
53.200001
47.599998
52.799999
57.799999
47.400002
43.599998
45.200001
50.599998
53.000000
56.000000
62.200001
61.000000
57.799999
61.000000
59.400002
58.799999
58.799999
62.200001
56.799999
44.799999
58.200001
66.000000
59.400002
58.599998
54.400002
51.000000
59.599998
59.799999
61.400002
46.599998
51.799999
57.000000
55.599998
55.799999
60.200001
62.400002
54.400002
58.599998
68.000000
57.400002
66.000000
51.599998
57.400002
61.000000
57.000000
64.599998
59.200001
52.000000
56.200001
55.200001
59.200001
62.000000
58.799999
64.199997
65.599998
62.000000
56.000000
54.400002
59.400002
60.599998
61.000000
73.599998
68.599998
67.599998
69.199997
71.800003
68.599998
68.400002
68.800003
68.599998
52.599998
68.599998
73.800003
66.000000
70.400002
64.800003
61.200001
69.800003
70.000000
70.400002
58.000000
60.799999
67.599998
64.000000
63.599998
70.599998
71.000000
63.000000
66.599998
73.800003
65.599998
73.400002
60.799999
68.199997
71.000000
65.400002
73.199997
67.599998
64.199997
67.800003
64.199997
69.400002
70.400002
67.400002
74.599998
73.400002
73.199997
64.599998
60.799999
65.800003
72.199997
72.000000
81.400002
73.800003
75.400002
77.400002
80.599998
74.800003
76.199997
78.400002
78.000000
61.799999
74.599998
79.400002
75.800003
79.199997
73.400002
68.599998
77.800003
76.000000
77.000000
64.800003
71.800003
76.199997
75.000000
72.400002
77.000000
78.199997
67.199997
70.800003
79.800003
74.800003
78.000000
71.800003
78.400002
77.800003
76.599998
80.400002
74.800003
72.000000
77.400002
72.599998
75.400002
78.599998
77.599998
83.000000
82.000000
81.800003
72.000000
68.000000
70.800003
79.400002
0.000000
0.000000
0.000000
0.000000
0.000000
0.000000
0.000000
0.000000
0.000000
0.000000
0.000000
0.000000
0.000000
0.000000
0.000000
0.000000
0.000000
0.000000
0.000000
0.000000
0.000000
0.000000
0.000000
0.000000
0.000000
0.000000
0.000000
0.000000
0.000000
0.000000
0.000000
0.000000
0.000000
0.000000
0.000000
0.000000
0.000000
0.000000
0.000000
0.000000
0.000000
0.000000
0.000000
0.000000
0.000000
0.000000
0.000000
0.000000
0.000000
0.000000
0.000000
0.800000
7.000000
11.400000
0.000000
0.000000
0.000000
0.600000
0.000000
0.000000
0.000000
0.000000
0.800000
0.000000
0.000000
0.000000
0.000000
0.000000
0.000000
0.200000
0.000000
0.000000
1.600000
0.000000
0.000000
0.200000
0.000000
0.000000
0.000000
0.000000
0.000000
0.000000
3.200000
5.200000
0.000000
1.600000
0.000000
0.000000
0.000000
0.800000
0.000000
0.000000
0.000000
0.000000
0.000000
0.000000
0.000000
0.000000
0.000000
0.000000
0.000000
0.000000
22.000000
18.400000
31.400000
0.200000
0.000000
0.000000
7.800000
8.800000
0.000000
0.000000
4.200000
2.200000
0.200000
7.600000
0.000000
12.000000
0.000000
2.000000
16.400000
8.000000
0.000000
1.800000
0.000000
0.000000
4.400000
0.000000
0.000000
0.200000
10.600000
6.800000
4.800000
26.600000
28.400000
0.000000
7.400000
0.000000
7.200000
9.200000
2.400000
0.000000
2.600000
0.000000
0.000000
0.200000
0.000000
0.000000
0.200000
0.000000
0.000000
0.000000
0.000000
29.799999
36.200001
45.799999
0.000000
0.000000
0.000000
3.000000
18.400000
0.000000
18.000000
26.799999
11.000000
0.000000
27.400000
0.000000
30.400000
0.400000
1.400000
24.000000
9.600000
12.800000
2.000000
18.200001
0.000000
34.599998
0.000000
0.400000
0.000000
34.200001
6.600000
19.600000
30.200001
32.400002
0.200000
19.000000
0.600000
30.200001
4.600000
26.000000
7.000000
6.200000
0.000000
0.000000
15.600000
8.000000
0.000000
0.600000
27.799999
3.600000
0.000000
0.000000
45.799999
42.200001
47.000000
16.799999
21.799999
8.600000
34.599998
33.400002
0.400000
21.400000
41.400002
31.200001
1.600000
28.200001
2.200000
46.000000
13.400000
4.200000
39.200001
25.400000
16.400000
19.200001
38.200001
0.000000
47.400002
0.400000
5.200000
23.000000
41.000000
27.400000
28.200001
44.799999
44.799999
2.200000
32.000000
31.400000
40.000000
32.599998
38.599998
19.799999
7.400000
0.000000
0.000000
19.000000
15.400000
1.800000
7.200000
44.200001
31.600000
19.600000
0.000000
49.599998
44.799999
49.200001
19.000000
38.000000
30.799999
34.799999
40.200001
15.800000
28.799999
40.400002
32.599998
1.200000
34.599998
2.000000
56.400002
32.200001
11.200000
52.799999
41.400002
16.600000
39.200001
40.599998
18.200001
60.400002
27.000000
7.400000
39.200001
51.000000
41.599998
35.200001
49.000000
49.799999
34.799999
51.000000
36.799999
53.200001
47.799999
52.400002
37.400002
6.000000
14.000000
0.200000
39.000000
28.000000
8.800000
1.600000
57.400002
38.599998
26.600000
3.400000
0.200000
7.000000
5.000000
0.000000
0.000000
0.000000
0.000000
0.000000
0.000000
0.000000
7.000000
17.000000
0.000000
0.000000
0.000000
0.000000
0.000000
0.000000
0.000000
2.400000
11.800000
12.000000
0.000000
0.000000
0.000000
0.000000
0.000000
0.000000
2.400000
0.000000
0.000000
2.400000
5.000000
0.000000
0.000000
0.000000
7.000000
0.000000
0.000000
0.000000
17.000000
0.000000
0.000000
0.000000
0.000000
0.000000
0.000000
0.000000
0.000000
0.000000
0.000000
25.000000
46.000000
41.400002
0.000000
0.000000
0.000000
5.600000
0.000000
0.000000
0.000000
20.400000
24.200001
0.000000
0.000000
0.000000
1.200000
0.000000
0.000000
29.600000
9.600000
17.400000
36.400002
0.000000
0.000000
1.600000
0.000000
0.000000
21.200001
13.600000
0.000000
0.000000
33.799999
37.200001
0.000000
21.600000
0.000000
16.000000
6.200000
3.800000
1.400000
22.200001
0.000000
0.000000
5.400000
0.000000
0.000000
0.000000
0.000000
0.000000
2.000000
0.000000
47.799999
56.200001
70.400002
0.000000
0.000000
0.000000
33.400002
42.200001
0.000000
10.000000
38.000000
28.400000
1.200000
37.799999
0.000000
50.000000
0.000000
30.600000
48.799999
36.000000
18.000000
38.400002
2.800000
0.000000
25.200001
0.000000
0.000000
25.600000
40.000000
40.599998
34.400002
58.799999
66.599998
0.400000
32.400002
6.800000
37.000000
37.599998
22.799999
18.000000
36.000000
0.000000
0.000000
14.200000
0.000000
1.800000
8.200000
6.200000
0.000000
7.600000
0.000000
0.000000
0.000000
0.000000
0.200000
1.200000
0.000000
1.200000
0.000000
0.000000
0.400000
0.200000
1.200000
2.600000
0.000000
0.000000
2.600000
0.200000
0.600000
2.400000
2.000000
0.800000
1.000000
1.200000
0.600000
0.400000
2.800000
1.200000
0.800000
1.400000
0.000000
0.000000
0.200000
5.600000
0.200000
2.200000
0.200000
0.000000
8.000000
23.200001
16.600000
13.000000
22.000000
9.200000
14.800000
25.600000
10.800000
19.400000
11.000000
11.600000
25.799999
17.400000
9.800000
23.200001
21.200001
18.799999
20.000000
19.600000
22.200001
8.000000
16.000000
19.400000
23.400000
25.600000
24.600000
19.200001
18.600000
19.400000
6.600000
23.200001
17.200001
23.600000
23.400000
14.800000
6.000000
31.799999
37.799999
38.000000
33.799999
35.599998
24.200001
30.200001
41.000000
34.000000
29.400000
33.799999
32.799999
40.200001
33.200001
26.000000
33.599998
30.600000
33.000000
40.200001
32.400002
35.400002
29.799999
32.799999
34.200001
36.200001
36.599998
40.400002
35.599998
33.200001
32.200001
26.799999
41.599998
38.000000
34.200001
35.400002
26.200001
27.799999
42.799999
46.799999
45.799999
44.400002
43.599998
36.799999
40.599998
53.000000
39.400002
34.200001
44.000000
48.200001
46.400002
45.799999
37.000000
41.200001
39.400002
47.000000
50.000000
44.799999
45.400002
41.000000
45.799999
47.000000
45.599998
46.799999
48.400002
42.599998
40.799999
46.000000
40.200001
51.799999
46.599998
42.000000
45.400002
40.799999
44.000000
48.799999
59.000000
56.000000
53.000000
55.799999
50.400002
51.200001
62.599998
46.400002
48.599998
50.200001
57.599998
53.200001
50.599998
48.000000
50.400002
50.000000
53.799999
56.799999
51.400002
53.799999
46.799999
53.599998
53.400002
48.799999
55.400002
57.599998
51.200001
48.599998
54.200001
48.799999
60.000000
55.000000
48.000000
53.400002
53.799999
48.000000
56.599998
65.599998
63.000000
62.000000
61.400002
55.200001
58.799999
69.599998
58.599998
54.799999
61.000000
68.000000
59.000000
57.400002
55.400002
57.200001
54.400002
61.400002
63.000000
57.400002
60.200001
55.000000
59.599998
62.599998
54.599998
63.599998
63.000000
61.799999
54.200001
61.400002
54.000000
65.400002
63.599998
56.000000
57.799999
59.200001
59.400002
0.000000
0.000000
8.200000
0.000000
0.000000
0.000000
0.000000
0.000000
0.000000
0.000000
0.000000
0.000000
0.000000
0.000000
0.000000
0.000000
0.000000
0.000000
0.000000
0.000000
0.000000
0.000000
0.000000
0.000000
0.000000
0.000000
0.000000
0.000000
0.000000
0.000000
0.000000
0.000000
0.000000
0.000000
0.000000
0.000000
0.000000
0.000000
0.000000
26.799999
0.000000
0.000000
0.000000
0.000000
0.000000
0.000000
0.000000
0.000000
0.000000
0.000000
10.200000
0.000000
0.000000
0.000000
0.000000
0.000000
0.000000
15.600000
0.000000
0.000000
0.000000
0.000000
0.000000
11.800000
0.000000
0.000000
0.000000
0.000000
0.000000
24.200001
0.000000
0.000000
0.200000
0.000000
0.000000
0.000000
32.400002
0.000000
6.600000
0.000000
6.400000
0.000000
0.000000
0.000000
0.000000
29.200001
0.000000
27.200001
44.000000
7.400000
0.000000
0.000000
0.000000
0.000000
22.200001
0.000000
0.000000
0.000000
0.000000
0.000000
18.600000
0.000000
0.000000
0.000000
14.800000
0.000000
38.400002
0.000000
0.000000
0.200000
0.000000
8.000000
14.000000
13.200000
12.000000
2.800000
9.600000
14.200000
8.800000
3.200000
7.600000
11.600000
36.000000
43.599998
43.599998
42.200001
36.400002
42.400002
40.000000
39.400002
35.799999
40.000000
41.400002
56.599998
61.400002
63.400002
60.200001
59.200001
61.599998
58.200001
59.200001
57.599998
57.799999
60.799999
69.000000
74.599998
75.800003
70.599998
74.000000
75.599998
71.199997
72.000000
72.800003
67.599998
73.800003
77.800003
85.000000
85.599998
82.000000
85.400002
86.800003
83.400002
83.599998
83.599998
80.199997
83.800003
87.199997
95.599998
94.400002
91.000000
94.199997
97.000000
93.199997
93.599998
93.400002
93.000000
93.599998
0.000000
15.200000
15.200000
0.000000
6.200000
0.000000
10.600000
10.600000
0.000000
0.000000
15.200000
10.400000
36.599998
39.400002
