102.744135 98.827148
95.754114 92.192589
89.212790 85.920547
83.119249 80.098839
77.443996 74.689735
72.163083 69.645958
67.253501 64.951416
62.697048 60.634186
58.479297 56.629963
54.578643 52.940849
50.989997 49.510090
47.687169 46.388115
44.661312 43.514301
41.893244 40.915215
39.368029 38.491081
37.065899 36.340508
34.982362 34.364491
33.097254 32.607327
31.403071 31.004192
29.883562 29.562267
28.527197 28.285824
27.320639 27.161327
26.252376 26.153957
25.307314 25.266582
24.475991 24.480597
23.743923 23.801348
23.103652 23.193649
22.541734 22.668245
22.050174 22.193262
21.621572 21.771271
21.240502 21.408630
20.904179 21.079920
20.600822 20.778271
20.323749 20.502041
20.067714 20.239824
19.828331 19.994633
19.600772 19.754713
19.380798 19.524248
19.167577 19.296772
18.958523 19.072445
18.751713 18.851017
18.547160 18.632389
18.343046 18.410160
18.139166 18.192413
17.936926 17.972065
17.735037 17.756594
17.535528 17.538181
17.336244 17.324627
17.136738 17.111080
16.940779 16.901987
