80.993943 62.901829
50.667117 41.715050
38.019745 33.664623
33.702667 30.838717
32.283537 29.715162
31.541495 29.002781
30.904530 28.369835
30.276737 27.758568
29.644080 27.154320
29.006314 26.581795
28.378276 25.961115
27.742713 25.400318
27.111122 24.790983
26.509573 24.245893
25.919066 23.748686
25.334573 23.171099
24.773466 22.649952
24.234870 22.178295
23.732878 21.728325
23.226761 21.230562
22.756016 20.811203
22.301411 20.418863
21.877747 20.079174
21.476066 19.676390
21.085374 19.326487
20.735567 19.017910
20.402197 18.715704
20.062506 18.443945
19.766662 18.187057
19.484922 17.955912
19.246976 17.721916
18.995210 17.516438
18.777039 17.327126
18.564975 17.159655
18.367843 17.015236
18.191377 16.850279
18.027334 16.725000
17.881801 16.594999
17.744051 16.498886
17.651772 16.396221
17.501171 16.310801
17.411173 16.224421
17.314276 16.156107
17.228793 16.091305
17.150793 16.026205
17.078205 15.975677
17.012899 15.930073
16.963160 15.888596
16.910201 15.861510
16.862557 15.816246
