62.797332 44.346676
37.362340 37.026520
35.788396 36.644573
35.772956 36.491798
35.755346 36.834438
35.792452 36.571960
35.766261 36.733715
35.781045 36.497662
35.764139 36.608784
35.756826 36.501503
35.762202 36.604393
35.768236 36.509308
35.768560 36.495686
35.764504 36.687836
35.748101 36.475994
35.739518 36.620338
35.741699 36.695435
35.745018 36.587761
35.726009 36.420288
35.708128 36.658348
35.699462 36.411007
35.737151 36.709549
35.711065 36.462898
35.692078 36.400906
35.766738 36.650204
35.707738 36.740772
35.718629 36.646648
35.688563 36.433525
35.701162 36.718945
35.661091 36.648060
35.662200 36.477158
35.684736 36.502239
35.718822 36.502254
35.660050 36.530361
35.643780 36.394440
35.590468 36.853115
35.672301 36.444206
35.637164 36.431229
35.651491 36.520012
35.656211 36.738380
35.602286 36.362438
35.607703 36.847939
35.642925 36.478714
35.591493 36.295177
35.610393 36.379112
35.579604 36.367054
35.593545 36.347408
35.569342 36.345356
35.565769 36.326458
35.559309 36.281147
