97.576904 95.682709
84.611559 82.728897
73.294435 71.377312
63.374033 61.535629
54.760223 52.894154
47.289830 45.491962
40.871507 39.146309
35.415891 33.708881
30.817765 29.159250
26.972265 25.393631
23.794748 22.282990
21.202872 19.715982
19.104468 17.693094
17.435705 16.045101
16.117306 14.777517
15.091226 13.782535
14.294342 13.000042
13.680929 12.406935
13.208954 11.952467
12.842976 11.596615
12.555205 11.322859
12.322124 11.099107
12.126154 10.913601
11.954771 10.752481
11.798331 10.609864
11.651003 10.475165
11.509459 10.348348
11.370315 10.228982
11.234478 10.112092
11.099777 9.998764
10.966853 9.888729
10.836243 9.780143
10.707533 9.675957
10.581207 9.575337
10.457162 9.475855
10.336692 9.381395
10.220783 9.290085
10.108723 9.203784
9.999552 9.120636
9.895793 9.042809
9.796252 8.968446
9.701420 8.899572
9.609692 8.834667
9.523453 8.774646
9.441249 8.717332
9.363644 8.665279
9.291087 8.615369
9.222257 8.572201
9.158849 8.529572
9.098171 8.491667
