6.050766
11.018782
14.459461
6.050766
6.050766
7.667518
6.050766
6.050766
6.050766
6.050766
6.050766
6.050766
11.270267
7.792150
6.050766
16.449186
6.050766
6.050766
7.792150
16.932783
6.050766
12.842709
7.792150
6.050766
10.692402
8.967639
9.044939
7.667518
6.050766
7.792150
6.050766
6.050766
10.692402
10.786673
11.996449
6.050766
7.667518
6.050766
8.967639
8.447290
6.050766
11.270267
6.050766
6.050766
6.050766
10.963642
6.050766
6.050766
6.050766
15.006344
11.018782
6.050766
15.552406
16.855988
6.050766
9.051836
7.667518
6.050766
8.403609
10.963642
11.996449
9.044939
6.050766
12.887020
7.792150
6.050766
24.007698
6.050766
6.050766
7.792150
16.932783
8.284642
18.978310
12.528057
6.050766
10.692402
16.143614
13.957817
7.667518
10.786673
10.709024
6.050766
11.713280
16.638086
15.754688
13.737835
6.050766
12.580395
10.692402
8.967639
8.447290
17.240221
25.193863
6.050766
7.667518
8.403609
13.880516
9.044939
6.050766
8.328756
17.240221
13.415306
16.828003
15.552406
19.772860
13.211321
13.146065
15.397598
6.050766
8.403609
10.963642
11.996449
9.044939
6.050766
17.855036
7.792150
6.050766
19.366060
6.050766
6.050766
9.585507
16.932783
14.420242
18.978310
15.444931
6.050766
13.045246
16.143614
18.925833
15.303329
10.786673
10.709024
8.328756
16.681295
16.638086
20.974190
13.737835
11.270267
14.321781
15.911905
13.703545
8.447290
18.981606
35.348591
8.328756
13.330032
8.403609
16.158506
13.780846
11.713280
13.991270
20.157093
13.415306
23.305296
15.552406
19.772860
20.575861
16.062939
22.558155
6.050766
17.359188
18.124199
13.613202
16.191694
6.050766
17.398958
9.408903
11.018782
20.460972
6.050766
8.447290
12.502380
22.878466
19.639746
24.640823
17.841455
12.186366
13.045246
22.620905
18.925833
15.303329
7.844122
13.061868
10.070141
19.034140
18.916077
16.006174
13.737835
11.270267
9.408903
26.593494
13.703545
8.447290
21.259596
35.348591
8.328756
18.242910
8.403609
16.158506
20.941402
12.911275
16.344114
21.898479
13.415306
26.871922
15.552406
25.435375
28.452848
16.062939
20.941402
13.211321
20.360258
18.124199
15.966045
23.512554
11.713280
19.632835
11.761747
13.371626
25.858568
12.186366
10.681168
12.502380
25.274990
26.800301
32.854500
24.633400
17.405869
13.045246
26.590502
27.268042
15.744999
9.585507
13.061868
11.402890
21.268017
30.676035
16.006174
16.654707
21.967232
9.408903
28.334881
18.671560
18.328184
21.259596
34.892513
8.328756
18.242910
15.195553
16.158506
20.941402
12.911275
21.080021
27.117981
11.018782
26.871922
17.905251
23.038851
29.785597
22.938454
23.536179
27.134914
20.360258
20.520723
18.362572
23.512554
17.658964
24.545712
11.761747
13.371626
31.994169
18.978310
15.649183
12.502380
25.274990
32.462814
37.822517
28.006302
22.141777
20.797600
30.183342
27.268042
20.713015
14.498384
13.061868
13.636766
30.223595
30.676035
16.006174
21.622723
28.962494
18.364481
41.262424
25.463505
25.488739
26.479099
37.170502
14.881044
24.188595
23.972862
31.059769
29.896980
12.911275
24.081093
28.734734
11.018782
35.979763
26.561939
23.038851
24.817581
25.228893
23.536179
27.134914
20.360258
35.421986
28.413063
26.856936
24.450907
23.111891
17.707432
13.371626
34.272160
23.946325
20.290821
17.144018
25.274990
36.577682
37.822517
29.623055
22.141777
20.797600
36.318943
30.184914
27.873569
14.498384
13.061868
22.592346
34.865231
26.034399
20.647812
21.622723
28.962494
23.755180
41.262424
25.463505
25.488739
26.479099
43.116188
14.881044
28.830231
23.972862
34.053944
29.896980
12.911275
24.081093
33.470642
11.018782
35.979763
28.795816
25.758511
27.979738
25.244312
24.297876
30.129089
19.851768
40.389999
33.381077
21.888920
22.933603
23.111891
18.802343
22.327204
43.991360
23.946325
21.907574
17.159437
25.274990
39.413982
39.020512
36.783611
27.804291
23.791775
33.386650
37.345470
27.873569
19.717888
13.061868
22.592346
34.865231
26.034399
26.783413
24.616898
28.962494
23.755180
41.262424
25.463505
25.488739
26.479099
48.778702
19.616951
30.028225
23.972862
34.053944
29.896980
12.911275
27.075268
39.416325
12.635534
34.682507
28.811235
28.365702
37.765858
30.212328
29.517380
34.864994
24.819784
40.389999
36.375252
21.888920
25.167480
30.272446
28.506268
29.487759
45.456688
23.946325
33.072758
20.153612
28.276062
40.177605
39.020512
40.908203
29.829756
30.993668
33.386650
41.987106
31.634083
30.022039
22.017447
24.988871
34.865231
27.129313
22.141777
38.308380
36.208500
23.755180
43.658951
25.463505
27.841581
26.479099
48.778702
25.752554
30.028225
22.356108
38.789848
35.559494
15.828148
27.075268
42.410500
12.635534
35.561729
35.971790
37.321278
42.678734
30.212328
29.517380
31.638367
30.482298
45.609505
36.375252
26.328018
33.114906
30.272446
32.289024
29.487759
50.424702
23.946325
35.909054
28.377285
33.244076
42.772381
43.544647
40.908203
32.063633
26.025650
33.386650
41.987106
31.634083
35.967720
29.178001
28.151028
41.657173
35.036362
23.758530
44.443985
37.303413
31.033615
46.575821
30.494057
32.483219
26.479099
48.778702
30.720568
32.945099
22.356108
43.757866
35.559494
18.224672
27.075268
40.176620
12.635534
40.902676
40.613430
39.636326
47.898235
30.212328
29.517380
31.638367
35.701797
42.438011
36.375252
26.328018
34.312901
34.608608
30.672272
31.721636
52.041454
18.978310
35.909054
36.785980
35.534515
39.475471
43.544647
43.261047
32.063633
28.422176
46.070347
41.987106
41.020802
38.364246
38.555546
35.311581
46.464886
40.062111
23.758530
49.356857
42.333965
31.033615
47.191235
30.494057
34.717098
31.391975
55.570641
35.362206
30.743103
22.356108
49.893467
35.559494
21.985186
24.132717
40.176620
12.635534
43.094677
54.481888
45.582008
47.898235
37.004272
41.222198
44.375992
40.343437
45.432186
41.288132
29.221420
41.473457
34.608608
33.068798
31.721636
52.041454
22.738823
37.241806
36.785980
35.534515
44.388348
43.544647
43.261047
38.855576
31.051397
50.983223
49.739464
44.411720
41.358421
44.501228
36.928333
51.684387
42.414955
20.815979
49.356857
52.288063
36.187637
52.104111
32.772045
34.717098
31.391975
54.136822
44.317780
34.355015
37.447285
54.535103
41.695095
24.979361
30.268318
41.756912
17.371441
43.094677
57.111107
52.742565
47.898235
41.917149
48.543060
44.375992
45.256317
50.627052
41.288132
29.221420
47.609058
34.608608
31.551493
42.526268
57.320969
22.738823
35.724503
42.005486
40.447395
43.932270
45.897491
49.396648
38.855576
26.464676
57.535515
49.739464
44.411720
50.135727
44.501228
44.890526
55.042526
45.596325
20.815979
49.356857
52.288063
41.407139
54.351791
36.532558
40.379612
31.833645
51.858833
52.531456
36.096401
40.791668
61.695656
41.695095
29.715267
37.060261
44.153435
26.327019
48.062691
57.111107
57.710579
47.898235
36.949131
52.303570
42.858688
47.490192
58.871651
45.929764
29.221420
47.609058
34.608608
32.884239
44.143021
57.320969
22.738823
35.724503
37.363846
49.402973
43.932270
48.175484
49.396648
38.855576
35.903221
57.535515
44.771446
44.411720
50.135727
47.502300
47.891594
53.401962
40.683449
21.579599
47.839554
48.340916
41.407139
56.629784
40.706192
40.261078
35.594158
57.172230
54.884300
36.096401
46.011169
61.695656
47.640778
33.888901
38.801647
48.795074
26.327019
50.979565
61.847008
61.162933
58.485558
36.949131
49.976433
42.350197
47.490192
58.415565
47.510056
29.384069
52.344963
40.271122
30.487717
46.421013
60.315140
31.694401
31.082867
37.363846
47.513073
42.498447
56.952789
46.454098
38.855576
35.903221
62.755013
51.578812
44.411720
50.135727
47.502300
57.312759
55.692398
47.844002
21.579599
48.603180
48.340916
40.951061
54.656403
49.661774
40.261078
35.594158
57.187649
60.546818
41.315903
50.747078
61.695656
47.640778
39.108406
40.134396
46.294193
26.327019
67.095695
61.847008
61.749359
54.687073
35.156925
51.071346
50.519943
48.688187
58.415565
50.426929
35.046581
52.360382
41.032822
33.404591
45.912521
60.315140
31.694401
28.848989
39.760372
47.513073
44.776440
55.062889
46.454098
38.855576
35.903221
62.755013
51.578812
46.808247
52.730503
51.204502
57.312759
58.686569
47.844002
21.579599
48.603180
48.340916
43.303905
60.318916
46.719223
40.261078
35.594158
57.187649
58.268829
50.271484
52.028473
61.695656
53.024040
39.108406
40.898018
49.979786
26.327019
67.095695
63.588394
67.028870
54.687073
36.489674
65.972610
49.930237
44.046551
59.995857
55.705994
38.807095
58.096931
46.924572
42.360168
46.662155
67.107079
31.694401
28.848989
45.652126
51.482670
47.172966
50.094872
49.302376
41.849747
35.903221
62.755013
55.339321
52.003113
52.730503
51.204502
57.312759
64.632256
47.844002
23.932446
48.603180
49.957668
41.870083
61.082535
48.953098
35.293060
36.754833
58.929031
53.300812
50.271484
52.470139
63.845963
60.128937
39.108406
49.853596
49.979786
26.327019
67.095695
68.971657
63.853825
60.578827
36.489674
65.972610
49.930237
44.046551
65.388756
55.705994
33.894218
65.342941
51.660477
42.360168
52.607838
63.847305
31.694401
31.201834
45.652126
51.482670
47.614632
57.206467
46.905849
49.010307
40.816101
56.202728
55.339321
56.317051
55.647377
48.851658
55.078880
66.910248
59.199104
19.786243
48.603180
49.957668
41.870083
61.082535
48.953098
39.504593
42.485176
61.162910
52.792320
50.271484
52.470139
63.845963
66.681221
39.108406
49.853596
53.019840
25.818527
67.111115
68.971657
63.853825
65.773689
36.489674
65.516533
49.930237
44.046551
65.388756
58.371590
33.894218
65.342941
52.102150
47.273045
52.607838
63.847305
35.038780
37.993774
46.267536
56.568436
47.614632
55.004471
49.139725
51.927177
40.816101
58.436604
53.022438
56.317051
53.574547
54.514172
61.024567
66.910248
51.997211
19.786243
48.618599
54.599308
39.473557
61.082535
48.953098
43.097431
42.485176
62.966522
56.339405
50.271484
52.470139
63.845963
65.041809
40.725159
53.385880
53.019840
29.162910
64.877243
68.971657
69.989426
68.402908
34.136829
68.433403
49.930237
44.046551
62.992233
51.180725
36.523438
61.316711
57.832497
47.273045
53.805836
62.767815
35.038780
43.885529
46.267536
62.191833
51.375145
58.348854
49.903351
51.927177
46.761787
61.430779
55.375282
64.880936
53.574547
51.571621
61.024567
66.910248
52.550713
19.786243
57.757317
56.952152
39.473557
61.082535
51.891060
41.800175
49.277122
64.164520
51.697769
48.754181
55.779812
65.587349
72.552345
47.277447
58.605381
50.367584
34.442421
67.506462
75.107254
70.604836
68.418327
34.136829
63.520527
49.930237
48.485649
59.640968
55.988434
38.715439
61.316711
57.832497
51.496986
55.547218
63.965809
36.189342
46.802402
44.750233
62.191833
64.972359
60.090240
49.903351
50.133820
46.761787
67.324562
56.525848
67.114815
57.125389
51.571621
61.698254
64.338753
56.618153
19.786243
64.632828
59.869026
37.120712
61.082535
52.332729
39.522186
47.660370
64.164520
57.589523
50.086929
55.323730
65.587349
73.315971
56.233021
58.605381
52.645576
32.825668
70.101242
72.164703
70.604836
68.418327
39.799343
65.100815
52.847107
53.221558
57.288128
55.988434
44.607193
67.208466
57.832497
51.496986
49.655468
67.709496
36.189342
55.757980
51.910789
62.191833
64.972359
56.195496
56.455639
57.238716
47.856697
62.411682
56.525848
67.114815
57.140808
51.571621
68.934662
64.338753
56.618153
21.760061
64.632828
59.869026
35.503960
63.435379
52.948139
43.564884
53.322884
64.164520
64.750076
54.822838
57.638779
66.202759
73.315971
58.466896
58.149303
55.823154
38.488182
67.158684
77.384216
74.580101
68.418327
39.799343
65.100815
58.509621
53.221558
64.726151
60.851532
44.607193
70.202637
60.826668
50.988499
55.902031
67.709496
36.952965
55.757980
51.910789
62.191833
64.987778
57.290409
68.405388
61.376629
48.804188
63.744438
62.188362
67.114815
63.932751
53.918392
67.418373
67.683136
56.618153
20.143309
59.719948
59.869026
38.420834
63.877052
57.589775
43.564884
53.322884
64.164520
69.662956
60.958435
60.233551
68.436638
73.315971
58.010818
60.778522
55.823154
45.648735
67.158684
75.031372
75.778091
73.154236
36.867050
72.235100
60.743500
50.987679
61.675575
65.587440
44.607193
72.599167
60.826668
49.893585
55.902031
68.545036
36.952965
55.757980
54.257565
65.410431
69.723686
66.245987
68.405388
61.992039
52.445183
60.247177
59.791840
68.062302
66.561974
60.053993
72.331253
70.600006
55.523239
23.060181
65.382462
61.646828
38.420834
62.443230
55.647758
48.183182
54.540283
64.164520
69.662956
60.958435
60.233551
66.158646
76.232841
55.808823
60.659557
62.615093
50.290375
63.360203
65.476852
76.928658
70.757713
36.867050
72.250519
66.583138
50.987679
61.675575
65.602859
45.048862
72.599167
69.617737
49.893585
55.902031
65.602486
36.952965
55.757980
56.610409
69.929283
72.240692
70.887619
68.405388
61.992039
52.445183
62.876396
59.791840
68.062302
70.785919
59.597916
72.331253
68.203484
64.478813
23.060181
60.414452
57.876804
44.556435
62.443230
58.519958
51.184250
56.893127
66.241211
69.662956
63.311279
60.233551
63.924767
76.232841
53.412300
64.420067
67.583107
50.290375
59.155807
65.476852
80.689171
70.757713
36.867050
76.474464
69.177910
46.019665
67.811172
73.590530
50.268364
72.599167
71.895721
57.054142
57.234779
65.602486
37.568378
56.815060
58.844284
75.220345
69.844162
70.887619
68.405388
61.992039
60.978512
61.359093
68.747414
68.062302
71.733406
60.795910
72.946663
68.203484
69.214722
26.960009
65.185471
57.876804
51.716988
59.500679
58.519958
51.184250
61.534763
61.273193
69.662956
63.311279
65.963898
66.234688
73.290291
50.469749
64.420067
68.074524
53.284550
56.759285
59.585102
80.689171
68.479721
39.263577
72.797371
70.510658
43.817669
66.293869
73.590530
50.416840
73.362785
71.895721
52.141266
60.396938
63.205963
43.230892
56.358982
58.844284
80.625603
69.844162
72.038185
77.695450
61.992039
64.392311
61.359093
76.484390
70.254303
70.853088
67.587852
72.946663
68.645157
69.214722
35.915585
73.440933
62.205734
51.716988
61.734554
58.519958
58.737892
62.732758
62.423759
66.720406
67.071793
67.705284
66.234688
73.305710
53.407711
64.420067
65.678001
58.197426
56.759285
59.585102
81.452789
70.577782
41.511257
78.689125
68.717300
43.817669
67.626617
73.590530
60.320816
73.804459
69.379372
52.141266
65.676445
75.586029
43.230892
50.467228
58.844284
82.817596
69.335670
69.593834
74.561401
66.633675
68.152824
61.359093
79.079163
70.254303
70.853088
67.587852
78.838417
74.713814
68.758644
40.343967
70.498390
61.697247
52.914986
60.961998
56.075607
61.084663
62.732758
62.423759
68.954285
69.305672
68.800194
72.786972
71.512360
53.526676
71.004837
63.400009
58.197426
54.965927
59.129021
76.706680
72.194534
42.661819
76.076904
72.970352
43.817669
69.973396
73.590530
61.471382
70.872162
69.379372
60.354942
65.676445
76.027695
47.656769
50.467228
58.844284
82.817596
64.159248
64.952202
74.561401
66.633675
64.357529
61.359093
80.820557
70.402779
76.690292
68.920601
76.441895
73.574852
68.758644
46.006481
70.498390
63.568348
60.160995
64.306381
57.655899
61.526333
60.022274
60.189880
68.954285
76.278862
68.800194
71.269669
78.705681
60.425900
71.004837
71.657272
71.541656
57.966995
59.129021
78.680496
72.748032
42.661819
80.573303
72.970352
43.817669
72.974464
76.934921
63.088135
68.638283
76.657806
60.574547
64.059692
80.167435
53.602455
53.461403
58.844284
85.095596
66.133064
64.500626
69.974670
68.986519
67.274399
61.359093
80.312057
70.402779
74.952858
72.264984
66.873039
76.819481
68.758644
50.919357
70.498390
62.051044
64.384941
62.513023
63.547653
64.443207
60.022274
60.189880
68.954285
85.348801
72.295586
71.269669
72.811897
65.067535
68.770958
71.657272
74.136429
10.692402
15.552406
16.855988
6.050766
11.404680
10.661692
6.050766
8.403609
10.963642
11.996449
9.044939
6.050766
12.887020
7.792150
6.050766
19.366060
6.050766
6.050766
12.528057
16.932783
8.284642
18.978310
15.444931
6.050766
13.045246
16.143614
13.957817
10.661692
10.786673
10.709024
6.050766
11.713280
16.638086
20.974190
15.354588
6.050766
14.321781
10.692402
8.967639
8.447290
17.240221
32.354416
6.050766
13.330032
8.403609
16.158506
13.780846
6.050766
13.991270
17.240221
13.415306
26.871922
15.552406
25.435375
28.452848
16.062939
20.941402
13.211321
20.360258
18.124199
15.966045
23.512554
11.713280
19.632835
11.761747
13.371626
25.858568
12.186366
10.681168
12.502380
25.274990
26.800301
32.854500
24.633400
17.405869
13.045246
26.590502
27.268042
15.744999
9.585507
13.061868
11.402890
21.268017
30.676035
16.006174
16.654707
21.967232
9.408903
28.334881
18.671560
18.328184
21.259596
34.892513
8.328756
18.242910
15.195553
16.158506
20.941402
12.911275
21.080021
27.117981
11.018782
35.979763
26.561939
23.480520
24.817581
25.228893
24.297876
30.129089
20.360258
40.389999
33.381077
21.888920
22.933603
23.111891
18.802343
22.327204
35.035782
23.946325
20.290821
17.144018
25.274990
38.319069
39.020512
29.623055
22.141777
20.797600
33.386650
30.184914
27.873569
19.717888
13.061868
22.592346
34.865231
26.034399
26.783413
21.622723
28.962494
23.755180
41.262424
25.463505
25.488739
26.479099
48.778702
19.616951
28.830231
23.972862
34.053944
29.896980
12.911275
27.075268
39.416325
11.018782
35.561729
35.971790
37.321278
42.678734
30.212328
29.517380
31.638367
30.482298
45.609505
36.375252
26.328018
33.114906
30.272446
32.289024
29.487759
50.424702
23.946325
35.909054
28.377285
33.244076
42.772381
43.544647
40.908203
32.063633
26.025650
33.386650
41.987106
31.634083
35.967720
29.178001
28.151028
41.657173
35.036362
23.758530
44.443985
37.303413
31.033615
46.575821
30.494057
32.483219
26.479099
48.778702
30.720568
32.945099
22.356108
43.757866
35.559494
18.224672
27.075268
40.176620
12.635534
43.094677
57.111107
45.582008
47.898235
37.004272
46.190216
44.375992
40.343437
48.349060
41.288132
29.221420
41.473457
34.608608
31.551493
37.613388
52.041454
22.738823
35.724503
42.005486
40.447395
43.932270
43.544647
43.261047
38.855576
28.698553
57.535515
49.739464
44.411720
42.975174
44.501228
41.896347
53.425774
43.362446
20.815979
49.356857
52.288063
36.187637
47.191235
32.772045
34.717098
31.391975
54.136822
47.311954
34.355015
40.791668
61.695656
41.695095
29.715267
30.268318
41.756912
26.327019
50.979565
61.847008
61.162933
58.485558
36.949131
49.976433
42.350197
47.490192
58.415565
47.510056
29.384069
52.344963
40.271122
30.487717
46.421013
60.315140
31.694401
31.082867
37.363846
47.513073
42.498447
56.952789
46.454098
38.855576
35.903221
62.755013
51.578812
44.411720
50.135727
47.502300
57.312759
55.692398
47.844002
21.579599
48.603180
48.340916
40.951061
54.656403
49.661774
40.261078
35.594158
57.187649
60.546818
41.315903
50.747078
61.695656
47.640778
39.108406
40.134396
46.294193
26.327019
67.095695
69.480148
68.821838
54.687073
36.489674
65.972610
49.930237
44.046551
65.388756
55.705994
33.894218
60.374924
51.660477
42.360168
46.662155
67.107079
31.694401
28.848989
45.652126
51.482670
47.172966
54.268509
49.302376
41.849747
40.816101
62.755013
55.339321
47.361473
52.730503
51.204502
57.312759
64.632256
53.063503
22.139088
48.603180
49.957668
41.870083
61.082535
48.953098
36.909813
42.485176
61.162910
53.300812
50.271484
52.470139
63.845963
60.128937
39.108406
49.853596
55.372688
25.818527
64.877243
68.971657
69.989426
68.402908
34.136829
68.433403
49.930237
44.046551
62.992233
51.180725
36.523438
61.316711
57.832497
47.273045
53.805836
62.767815
35.038780
43.885529
46.267536
62.191833
51.375145
58.348854
49.903351
51.927177
46.761787
61.430779
55.375282
64.880936
53.574547
51.571621
61.024567
66.910248
52.550713
19.786243
57.757317
56.952152
39.473557
61.082535
51.891060
41.800175
49.277122
64.164520
51.697769
48.754181
55.779812
65.587349
72.552345
47.277447
58.605381
50.367584
34.442421
67.158684
77.384216
72.346222
68.418327
39.799343
65.100815
58.509621
53.221558
59.990242
58.222313
44.607193
67.208466
60.826668
51.496986
51.166122
67.709496
36.189342
55.757980
51.910789
62.191833
64.972359
56.195496
65.411217
59.635242
47.856697
62.411682
56.525848
67.114815
57.140808
51.571621
69.696365
67.683136
56.618153
21.760061
59.719948
59.869026
38.420834
63.877052
52.948139
43.564884
53.322884
64.164520
69.662956
54.822838
60.233551
66.202759
73.315971
58.466896
58.149303
55.823154
38.488182
63.360203
65.476852
76.928658
70.757713
36.867050
72.250519
66.583138
50.987679
61.675575
65.602859
45.048862
72.599167
69.617737
49.893585
55.902031
65.602486
36.952965
55.757980
56.610409
69.929283
72.240692
70.887619
68.405388
61.992039
52.445183
62.876396
59.791840
68.062302
70.785919
59.597916
72.331253
68.203484
64.478813
23.060181
60.414452
57.876804
44.556435
62.443230
58.519958
51.184250
56.893127
66.241211
69.662956
63.311279
60.233551
63.924767
76.232841
53.412300
64.420067
67.583107
50.290375
56.759285
59.585102
81.452789
69.427216
46.424133
72.797371
68.717300
43.817669
66.293869
73.590530
56.147186
73.362785
74.292252
52.141266
60.396938
68.425468
43.230892
56.358982
58.844284
80.625603
69.335670
72.038185
76.078705
61.992039
68.152824
61.359093
76.484390
70.254303
70.853088
67.587852
72.946663
73.381065
69.214722
41.861271
70.498390
62.205734
51.716988
59.381710
58.519958
61.084663
62.732758
62.423759
66.720406
67.071793
68.800194
66.234688
73.305710
55.760555
69.388084
63.400009
58.197426
57.966995
59.129021
78.680496
72.748032
42.661819
80.573303
72.970352
43.817669
72.974464
76.934921
63.088135
68.638283
76.657806
60.574547
64.059692
80.167435
53.602455
53.461403
58.844284
85.095596
66.133064
64.500626
69.974670
68.986519
67.274399
61.359093
80.312057
70.402779
74.952858
72.264984
66.873039
76.819481
68.758644
50.919357
70.498390
62.051044
64.384941
62.513023
63.547653
64.443207
60.022274
60.189880
68.954285
85.348801
72.295586
71.269669
72.811897
65.067535
68.770958
71.657272
74.136429
26.871922
15.552406
25.435375
28.452848
16.062939
20.941402
13.211321
20.360258
18.124199
15.966045
23.512554
11.713280
19.632835
11.761747
13.371626
25.858568
12.186366
10.681168
12.502380
25.274990
26.800301
32.854500
24.633400
17.405869
13.045246
26.590502
27.268042
15.744999
9.585507
13.061868
11.402890
21.268017
30.676035
16.006174
16.654707
21.967232
9.408903
28.334881
18.671560
18.328184
21.259596
34.892513
8.328756
18.242910
15.195553
16.158506
20.941402
12.911275
21.080021
27.117981
11.018782
35.561729
35.971790
37.321278
42.678734
30.212328
29.517380
31.638367
30.482298
45.609505
36.375252
26.328018
33.114906
30.272446
32.289024
29.487759
50.424702
23.946325
35.909054
28.377285
33.244076
42.772381
43.544647
40.908203
32.063633
26.025650
33.386650
41.987106
31.634083
35.967720
29.178001
28.151028
41.657173
35.036362
23.758530
44.443985
37.303413
31.033615
46.575821
30.494057
32.483219
26.479099
48.778702
30.720568
32.945099
22.356108
43.757866
35.559494
18.224672
27.075268
40.176620
12.635534
50.979565
61.847008
61.162933
58.485558
36.949131
49.976433
42.350197
47.490192
58.415565
47.510056
29.384069
52.344963
40.271122
30.487717
46.421013
60.315140
31.694401
31.082867
37.363846
47.513073
42.498447
56.952789
46.454098
38.855576
35.903221
62.755013
51.578812
44.411720
50.135727
47.502300
57.312759
55.692398
47.844002
21.579599
48.603180
48.340916
40.951061
54.656403
49.661774
40.261078
35.594158
57.187649
60.546818
41.315903
50.747078
61.695656
47.640778
39.108406
40.134396
46.294193
26.327019
64.877243
68.971657
69.989426
68.402908
34.136829
68.433403
49.930237
44.046551
62.992233
51.180725
36.523438
61.316711
57.832497
47.273045
53.805836
62.767815
35.038780
43.885529
46.267536
62.191833
51.375145
58.348854
49.903351
51.927177
46.761787
61.430779
55.375282
64.880936
53.574547
51.571621
61.024567
66.910248
52.550713
19.786243
57.757317
56.952152
39.473557
61.082535
51.891060
41.800175
49.277122
64.164520
51.697769
48.754181
55.779812
65.587349
72.552345
47.277447
58.605381
50.367584
34.442421
63.360203
65.476852
76.928658
70.757713
36.867050
72.250519
66.583138
50.987679
61.675575
65.602859
45.048862
72.599167
69.617737
49.893585
55.902031
65.602486
36.952965
55.757980
56.610409
69.929283
72.240692
70.887619
68.405388
61.992039
52.445183
62.876396
59.791840
68.062302
70.785919
59.597916
72.331253
68.203484
64.478813
23.060181
60.414452
57.876804
44.556435
62.443230
58.519958
51.184250
56.893127
66.241211
69.662956
63.311279
60.233551
63.924767
76.232841
53.412300
64.420067
67.583107
50.290375
57.966995
59.129021
78.680496
72.748032
42.661819
80.573303
72.970352
43.817669
72.974464
76.934921
63.088135
68.638283
76.657806
60.574547
64.059692
80.167435
53.602455
53.461403
58.844284
85.095596
66.133064
64.500626
69.974670
68.986519
67.274399
61.359093
80.312057
70.402779
74.952858
72.264984
66.873039
76.819481
68.758644
50.919357
70.498390
62.051044
64.384941
62.513023
63.547653
64.443207
60.022274
60.189880
68.954285
85.348801
72.295586
71.269669
72.811897
65.067535
68.770958
71.657272
74.136429
16.330721
9.825078
6.050766
6.050766
6.050766
6.050766
9.426453
14.996613
6.050766
8.587040
9.825078
6.050766
6.050766
17.267752
6.050766
12.562534
17.267752
6.050766
17.267752
6.050766
6.050766
7.535476
6.723190
8.587040
6.050766
6.050766
6.050766
6.050766
6.050766
14.996613
6.723190
6.050766
6.050766
15.888903
6.050766
13.176270
9.825078
6.050766
6.050766
15.888903
6.050766
12.562534
6.050766
8.587040
21.198811
6.050766
12.562534
6.723190
6.050766
6.050766
12.905407
24.602024
11.309788
16.330721
9.021904
16.760515
6.050766
9.426453
20.596882
6.050766
23.735085
9.825078
6.050766
8.587040
17.267752
6.050766
12.562534
17.267752
21.198811
17.267752
12.276943
6.050766
7.535476
6.723190
8.587040
11.651034
14.322069
6.050766
6.050766
6.050766
14.996613
13.848694
6.050766
14.954306
15.888903
6.050766
20.030910
16.679720
6.050766
13.176270
15.888903
6.050766
12.562534
16.760515
8.587040
28.053452
6.050766
12.562534
6.723190
6.050766
15.888903
19.417175
24.602024
21.147926
17.815432
20.238890
25.706364
12.905407
9.426453
22.081593
14.322069
23.735085
18.770926
6.050766
8.587040
21.042065
6.050766
16.805679
17.267752
21.198811
17.267752
12.276943
8.587040
7.535476
6.723190
8.587040
12.323460
14.322069
12.905407
6.050766
6.050766
14.996613
17.623007
6.050766
14.954306
27.105888
6.050766
20.030910
16.679720
6.050766
18.776539
15.888903
6.050766
15.098808
16.760515
8.587040
30.589725
6.723190
12.562534
14.994493
9.021904
15.888903
19.417175
24.602024
30.093773
26.761280
27.093533
25.706364
19.417175
9.426453
28.936235
19.958851
25.219795
18.770926
6.050766
8.587040
36.190109
6.050766
16.805679
17.267752
21.198811
6.050766
14.813499
12.830185
12.821350
6.723190
15.712543
12.323460
14.322069
12.905407
6.050766
6.050766
14.996613
24.134775
6.050766
14.954306
30.481575
6.050766
20.030910
18.164431
6.050766
20.261250
19.264589
6.050766
15.098808
17.432940
8.587040
34.364037
6.723190
12.562534
14.994493
9.021904
21.489172
12.905407
24.602024
41.310760
33.273048
31.336678
29.949509
19.417175
9.426453
28.936235
19.958851
25.219795
19.443350
10.293911
8.587040
36.190109
9.426453
25.076982
17.267752
21.198811
7.535476
14.813499
12.830185
21.767197
6.723190
15.712543
21.269306
14.322069
12.905407
6.050766
6.050766
14.996613
27.105913
9.825078
15.626730
30.481575
6.050766
30.310867
18.164431
6.050766
20.261250
19.264589
12.276943
15.098808
17.432940
8.587040
34.364037
6.723190
15.098808
14.994493
9.021904
36.637215
22.743546
27.573162
43.847034
33.273048
28.365540
29.949509
27.688480
9.426453
28.671663
23.334538
30.820065
19.443350
12.830467
8.587040
36.190109
9.426453
36.293968
25.539055
29.658300
7.535476
14.813499
12.830185
21.767197
6.723190
15.712543
21.269306
14.322069
12.905407
6.050766
6.050766
15.669039
24.134775
12.796217
25.149342
30.481575
7.535476
30.310867
23.224192
6.050766
20.261250
19.264589
12.276943
18.873121
17.432940
12.830185
40.875809
6.723190
15.098808
14.994493
12.397591
39.173775
22.743546
16.930803
14.884838
14.954306
6.050766
11.336639
6.050766
6.050766
14.732040
6.050766
13.195646
14.884838
6.050766
6.050766
6.050766
6.050766
6.050766
6.050766
6.050766
6.050766
6.050766
6.050766
6.050766
6.847654
13.195646
6.050766
6.050766
6.050766
6.050766
6.050766
14.732040
6.847654
6.050766
14.954306
21.256372
6.050766
15.705601
14.884838
6.050766
6.050766
21.256372
6.050766
6.050766
6.050766
13.195646
29.658300
11.336639
6.050766
6.847654
6.050766
6.050766
9.697083
30.838890
14.884838
25.834343
6.050766
18.602232
6.050766
6.050766
14.732040
6.050766
36.803181
14.884838
6.050766
13.195646
6.050766
6.050766
6.050766
6.050766
29.658300
6.050766
8.425594
6.050766
6.050766
6.847654
13.195646
6.050766
19.958851
6.050766
6.050766
6.050766
14.732040
16.502489
6.050766
6.050766
21.256372
6.050766
19.351919
18.531157
6.050766
15.705601
21.256372
6.050766
6.050766
13.316357
13.195646
33.304619
11.336639
6.050766
6.847654
6.050766
21.256372
9.697083
30.838890
30.090446
25.834343
6.050766
27.283506
9.697083
6.050766
14.732040
19.958851
36.803181
23.566114
6.050766
13.195646
14.884838
6.050766
19.058502
6.050766
29.658300
6.050766
11.417596
13.195646
11.336639
6.847654
13.195646
6.847654
19.958851
9.697083
6.050766
6.050766
14.732040
25.336563
6.050766
6.050766
21.256372
6.050766
19.351919
18.531157
6.050766
15.705601
21.256372
6.050766
13.195646
13.316357
13.195646
40.449501
12.133528
6.050766
20.755739
6.050766
21.256372
9.697083
20.651365
20.415056
15.264118
11.270267
16.932783
14.358337
11.642780
23.471775
14.528028
28.046059
13.609276
14.708546
19.944469
21.602674
16.932783
16.220053
10.144995
18.145782
11.270267
28.087112
19.873436
16.719992
10.800135
21.212187
21.851133
18.204035
11.245630
29.379967
13.981934
21.139956
11.657545
22.183313
17.932526
17.577065
13.548259
18.097414
17.429430
19.134062
35.377464
22.099743
21.466408
36.089844
26.730230
16.956179
23.471775
36.694447
36.085114
24.007351
36.328682
33.163280
41.396732
20.908045
24.633644
21.511400
35.692295
20.476801
29.983879
30.442318
29.528320
24.180527
25.853825
33.821896
29.506132
32.301430
31.613842
26.724457
34.122578
23.135437
41.757195
37.974133
33.384109
28.647774
37.472614
24.058109
35.819183
48.987690
29.060631
35.374767
37.979294
29.996220
34.670189
48.690765
44.135456
35.977726
24.556742
36.799023
40.119423
36.765896
36.150620
39.057495
21.511400
48.564911
30.442118
43.737206
36.271946
37.798710
30.524105
32.169670
31.473671
39.833900
29.948587
34.022064
36.127312
38.484390
27.928083
50.874916
38.149685
38.882263
38.745434
41.602833
33.823990
30.620396
57.669949
36.165524
34.934113
31.135662
42.459000
32.273666
59.875664
51.404430
41.496567
42.013855
48.449959
41.066917
40.928917
60.052002
40.821129
19.885391
51.492065
38.613094
58.500141
40.083736
43.864941
46.638474
43.870964
44.229950
55.052570
37.321423
38.702240
43.071419
39.945473
36.024071
55.283875
44.592831
40.188183
42.103569
58.642406
41.460320
30.165773
63.581478
48.315666
38.311539
42.707020
49.872566
40.209568
53.516598
55.239883
50.700451
43.211849
55.257317
48.853836
57.167747
64.734459
41.818321
36.667591
54.417397
49.192936
62.923622
45.818382
47.457779
61.719948
53.257607
54.211922
58.741898
43.304985
56.510170
41.989571
51.130043
29.591930
58.095970
50.885258
44.614994
48.914001
60.347908
47.315372
28.357357
67.158005
47.763119
39.387615
48.275345
54.879204
38.480972
54.132008
55.518776
57.251381
49.763195
58.578995
50.250702
56.249725
69.886780
43.914692
49.950520
65.524963
53.180984
67.544594
40.162083
45.149784
50.399689
57.400311
58.768055
59.959343
52.456161
59.352890
43.433834
52.206795
38.115337
51.321232
62.430428
44.614994
51.183769
59.145710
52.951504
6.847654
6.050766
9.158278
6.050766
6.050766
6.050766
6.050766
6.050766
14.732040
6.050766
6.050766
6.050766
8.425594
9.083538
6.847654
6.050766
9.083538
6.050766
9.083538
6.050766
10.318984
6.050766
6.050766
6.050766
8.425594
6.847654
6.050766
11.336639
6.050766
6.050766
6.050766
6.050766
6.050766
9.697083
13.316357
6.050766
6.050766
15.528929
6.050766
9.955166
6.050766
6.050766
8.425594
8.425594
6.050766
14.732040
6.050766
11.336639
6.050766
8.425594
12.191051
15.528929
6.050766
9.083538
10.318984
18.738373
6.050766
10.318984
6.050766
13.195646
6.050766
8.425594
15.528929
6.050766
15.604858
6.050766
6.050766
6.050766
6.050766
9.158278
9.697083
15.691187
6.050766
6.050766
15.528929
9.697083
9.955166
6.050766
6.050766
8.425594
8.425594
6.050766
14.758551
13.316357
11.336639
6.050766
8.425594
12.191051
15.528929
13.316357
9.083538
6.050766
18.738373
6.740843
10.318984
6.050766
13.195646
9.697083
8.425594
22.673811
6.050766
15.604858
6.050766
11.336639
6.050766
8.425594
9.158278
12.729856
15.691187
6.050766
6.050766
29.544695
22.920292
6.050766
19.642326
31.740200
18.179337
13.211321
23.793894
17.858717
30.053185
15.006344
37.845188
24.757380
24.761675
29.407990
40.510330
26.802881
14.041265
26.692070
23.946156
35.274410
26.626423
38.242748
44.072781
45.188538
37.369186
37.051418
30.159355
35.672722
47.421162
29.867739
44.267765
31.731962
44.697464
51.710133
40.769672
59.856026
49.924446
28.073647
54.897865
46.468929
35.490929
43.703548
35.758739
56.361618
48.592365
41.207397
56.367783
43.956383
35.245998
34.144150
38.862316
33.477917
49.902809
33.596767
55.942192
44.915272
43.040356
39.825390
51.999626
42.938698
46.272884
37.010677
49.180176
53.388229
43.801075
6.050766
19.058502
19.058502
21.256372
6.050766
19.958851
6.050766
6.050766
19.958851
6.050766
19.058502
19.958851
32.966587
19.058502
