21.155493
23.033638
26.030119
21.155493
21.155493
21.302132
21.155493
21.155493
21.155493
21.155493
21.155493
21.155493
24.141380
21.457067
21.155493
27.052650
21.155493
21.155493
21.457067
27.671377
21.155493
25.883480
21.457067
21.155493
23.611015
22.431408
22.958662
21.302132
21.155493
21.457067
21.155493
21.155493
23.611015
23.522654
24.654869
21.155493
21.302132
21.155493
22.431408
23.041035
21.155493
24.141380
21.155493
21.155493
21.155493
23.859047
21.155493
21.155493
21.155493
24.611860
23.033638
21.155493
24.456190
27.915661
21.155493
21.448370
21.302132
21.155493
21.767050
23.859047
24.654869
22.958662
21.155493
24.288019
21.457067
21.155493
30.784088
21.155493
21.155493
21.457067
27.671377
22.243830
29.363785
23.824228
21.155493
23.611015
26.177393
25.662216
21.302132
23.522654
22.732983
21.155493
24.685492
27.110392
25.400799
24.956444
21.155493
24.005686
23.611015
22.431408
23.041035
25.700197
29.475891
21.155493
21.302132
21.767050
25.134962
22.958662
21.155493
24.279110
25.700197
24.919180
27.091320
24.456190
29.191576
24.887953
22.361504
25.472462
21.155493
21.767050
23.859047
24.654869
22.958662
21.155493
26.166162
21.457067
21.155493
28.328566
21.155493
21.155493
21.796501
27.671377
25.724133
29.363785
25.100143
21.155493
24.222572
26.177393
27.540359
25.560823
23.522654
22.732983
24.279110
26.563635
27.110392
28.386684
24.956444
24.141380
24.307262
26.596903
24.798569
23.041035
26.001772
35.011520
24.279110
24.832130
21.767050
28.258579
25.325821
24.685492
27.809109
26.976112
24.919180
29.760056
24.456190
29.191576
28.651640
23.637419
29.204922
21.155493
25.223417
27.591509
24.801508
26.750553
21.155493
25.667149
21.603706
23.033638
28.508951
21.155493
23.041035
23.072416
31.170753
28.710020
32.893784
26.985685
24.635798
24.222572
28.846130
27.540359
25.560823
21.494926
23.344540
24.580685
27.175192
30.234009
26.508541
24.956444
24.141380
21.603706
32.463440
24.798569
23.041035
29.125389
35.011520
24.279110
27.535685
21.767050
28.258579
29.058283
26.337149
28.420666
27.277687
24.919180
31.486652
24.456190
32.721573
32.433517
23.637419
29.058283
24.887953
25.516296
27.591509
25.413065
29.240253
24.685492
26.755486
22.215265
23.645195
30.687372
24.635798
24.129372
23.072416
33.056297
32.442482
37.682838
31.713673
27.621683
24.222572
29.604326
32.925278
25.571358
21.796501
23.344540
25.218945
28.263529
36.840141
26.508541
26.232359
27.899323
21.603706
32.765015
26.676712
27.622734
29.125389
34.512508
24.279110
27.535685
26.495037
28.258579
29.058283
26.337149
30.787827
30.263573
23.033638
31.486652
25.067747
30.836031
33.071777
27.181278
32.253471
30.222466
25.516296
29.477051
27.298607
29.240253
28.184868
29.459042
22.215265
23.645195
34.167675
29.363785
26.007515
23.072416
33.056297
35.972481
39.560982
35.017677
29.988844
27.849516
32.492142
32.925278
27.449501
24.500057
23.344540
26.307281
31.719896
36.840141
26.508541
28.110504
32.067581
25.060074
40.973305
31.404699
31.355194
32.111275
37.636124
26.474337
31.035061
30.374138
35.214325
32.514648
26.337149
31.080704
30.410213
23.033638
37.913948
30.400913
30.836031
31.193636
27.798927
32.253471
30.222466
25.516296
36.432793
30.935360
30.440741
32.912853
28.187233
25.714642
23.645195
37.291290
31.241928
28.463039
25.527939
33.056297
38.900055
39.560982
35.164314
29.988844
27.849516
35.972450
34.201195
31.181961
24.500057
23.344540
29.763649
34.175419
34.384617
28.964064
28.110504
32.067581
28.748785
40.973305
31.404699
31.355194
32.111275
41.135498
26.474337
33.490585
30.374138
37.017490
32.514648
26.337149
31.080704
32.777374
23.033638
37.913948
31.489250
33.970184
34.121555
27.812454
33.377529
32.025635
25.134939
38.310936
32.813503
28.562595
31.354708
28.187233
25.895027
27.101562
41.667870
31.241928
28.609678
25.541466
33.056297
39.382011
41.212639
38.896774
33.518845
29.652685
34.683006
37.933655
31.181961
27.485943
23.344540
29.763649
34.175419
34.384617
32.444366
29.913671
32.067581
28.748785
40.973305
31.404699
31.355194
32.111275
44.665497
28.841497
35.142242
30.374138
37.017490
32.514648
26.337149
32.883873
36.276749
23.180275
36.658913
31.502777
34.824463
40.652710
29.690598
36.363415
34.392796
27.013084
38.310936
34.616673
28.562595
32.443047
31.919693
30.140331
30.834023
44.164604
31.241928
35.094940
27.344633
33.349174
40.302223
41.212639
41.702278
33.369259
32.619164
34.683006
40.389175
32.083099
33.471466
26.800907
31.649191
34.175419
34.565002
29.988844
35.737202
37.069344
28.748785
42.858849
31.404699
31.966751
32.111275
44.665497
32.321800
35.142242
30.227497
39.384651
36.044647
27.613064
32.883873
38.079918
23.180275
36.986309
35.235237
38.280830
43.356270
29.690598
36.363415
32.816227
30.543081
41.296825
34.616673
32.679024
36.521881
31.919693
33.009079
30.834023
46.042747
31.241928
35.576904
33.967628
35.227318
43.497406
43.033985
41.702278
34.457596
30.741020
34.683006
40.389175
32.083099
36.970840
30.533369
34.577110
38.903404
39.071724
30.135483
39.217506
37.249725
32.886421
44.134766
34.207619
34.422276
32.111275
44.665497
34.199947
36.418156
30.227497
41.262794
36.044647
29.498606
32.883873
36.991581
23.180275
41.392113
37.690758
39.678650
46.342155
29.690598
36.363415
32.816227
33.528969
38.894844
34.616673
32.679024
38.173538
35.416458
32.862438
31.922359
46.189384
29.363785
35.576904
38.842255
35.844967
40.524555
43.033985
42.313835
34.457596
32.626564
41.597763
40.389175
40.006271
38.856384
35.356052
38.309570
42.024307
45.514427
30.135483
41.921059
40.052650
32.886421
45.030376
34.207619
35.510612
34.814831
49.393486
36.655468
33.625690
30.227497
44.743103
36.044647
30.399742
30.856144
36.991581
23.180275
43.481483
43.850685
43.178032
46.342155
34.418587
43.794960
41.043587
35.984489
40.698013
37.320229
36.698257
41.905998
35.416458
34.747982
31.922359
46.189384
30.264919
36.215164
38.842255
35.844967
43.228111
43.033985
42.313835
39.185585
37.183723
44.301315
44.016121
45.687492
40.659554
38.855431
38.456215
45.010193
46.125984
28.107756
41.921059
47.708557
36.035065
47.733932
37.331238
35.510612
34.814831
48.121681
40.111839
37.085304
37.164169
47.198624
39.524952
32.202911
34.336449
37.167465
25.547436
43.481483
48.407845
46.910492
46.342155
37.122139
46.284660
41.043587
38.688049
45.097546
37.320229
36.698257
45.386299
35.416458
33.189835
36.812679
51.234421
30.264919
34.657013
41.828140
38.548523
42.729095
43.645542
45.794136
39.185585
35.483829
46.496544
44.016121
45.687492
44.538651
38.855431
42.137527
45.458412
49.538204
28.107756
41.921059
47.708557
39.020950
48.762840
38.232372
39.040611
34.825363
44.998062
44.900894
37.386883
38.364655
50.931084
39.524952
34.570072
39.064438
39.053009
29.003803
45.359631
48.407845
48.788635
46.342155
35.243996
47.185799
39.485443
39.776382
47.895870
39.775749
36.698257
45.386299
35.416458
33.828094
36.959320
51.234421
30.264919
34.657013
39.372620
42.004890
42.729095
46.769157
45.794136
39.185585
42.339905
46.496544
42.137978
45.687492
44.538651
39.148308
42.430405
43.295769
46.834648
29.027966
40.362915
44.268608
39.020950
51.886452
41.342644
40.278687
35.726501
48.159515
45.512451
37.386883
41.350540
50.931084
43.024330
37.680344
39.366013
41.508530
29.003803
46.635544
50.775002
47.711548
52.297054
35.243996
46.053680
39.104088
39.776382
47.396858
39.951637
37.495461
47.753464
38.946457
31.942553
40.082935
53.037590
33.721287
32.201492
39.372620
40.234070
41.457291
50.648258
43.766411
39.185585
42.339905
49.482430
46.879486
45.687492
44.538651
39.148308
51.715553
43.913414
50.567112
29.027966
41.283119
44.268608
38.521935
49.829292
44.799011
40.278687
35.726501
48.173042
49.042450
40.372768
43.717705
50.931084
43.024330
40.666229
40.004272
39.491341
29.003803
53.824371
50.775002
47.510574
49.020321
34.166191
46.234070
44.414467
41.428040
47.396858
41.227554
41.025459
47.766991
40.070511
33.218468
39.701576
53.037590
33.721287
31.113155
41.258156
40.234070
44.580910
48.877434
43.766411
39.185585
42.339905
49.482430
46.879486
47.573032
47.733841
40.576046
51.715553
45.716583
50.567112
29.027966
41.283119
44.268608
39.133492
53.359291
42.771286
40.278687
35.726501
48.173042
45.918831
43.829136
42.690895
50.931084
44.829735
40.666229
40.924480
40.741158
29.003803
53.824371
51.076576
52.555611
49.020321
34.804451
53.189812
42.998299
38.972519
47.572739
44.644047
41.926598
50.402901
42.257278
36.674835
40.528023
57.765579
33.721287
31.113155
43.444923
40.992264
46.466450
46.999290
45.882500
40.988754
42.339905
49.482430
47.780624
51.972565
47.733841
40.576046
51.715553
49.215958
50.567112
29.639523
41.283119
44.415245
37.861687
54.279503
43.859619
38.400543
35.374126
48.474617
44.040688
43.829136
42.701424
53.203552
46.931358
40.666229
44.380848
40.741158
29.003803
53.824371
52.881989
52.937294
51.207085
34.804451
53.189812
42.998299
38.972519
50.821518
44.644047
39.223042
55.404663
44.624443
36.674835
44.027397
53.399933
33.721287
31.724712
43.444923
40.992264
46.476982
53.630386
43.996956
44.721214
45.043465
47.287205
47.780624
52.973412
49.009750
39.964489
50.627213
52.339577
57.033302
28.688530
41.283119
44.415245
37.861687
54.279503
43.859619
41.742367
37.420654
49.562958
43.659328
43.829136
42.701424
53.203552
49.126587
40.666229
44.380848
43.378380
28.622448
53.837898
52.881989
52.937294
55.606621
34.804451
52.690796
42.998299
38.972519
50.821518
45.364799
39.223042
55.404663
44.634975
39.378387
44.027397
53.399933
34.921776
36.452698
44.340538
42.494328
46.476982
50.837921
45.085297
45.997124
45.043465
48.375542
47.386795
52.973412
48.364101
43.494484
54.126587
52.339577
54.066818
28.688530
41.296646
46.870773
35.976143
54.279503
43.859619
44.630188
37.420654
50.640678
45.645607
43.829136
42.701424
53.203552
49.634918
40.812866
46.552376
43.378380
29.822933
52.749561
52.881989
56.417603
60.163780
34.192894
53.966713
42.998299
38.972519
48.935978
39.537624
43.780201
53.844749
46.681503
39.378387
45.679054
53.233070
34.921776
38.639465
44.340538
48.854652
47.378120
52.038406
46.005501
45.997124
48.542839
50.178711
47.998352
57.159782
48.364101
41.466759
54.126587
52.339577
55.591484
28.688530
48.627266
47.482330
35.976143
54.279503
47.380444
43.375149
42.148643
52.292336
43.190086
42.270988
45.619865
53.505127
51.557713
43.008095
49.538261
44.712433
34.867970
57.306725
56.362297
57.313210
60.177307
34.192894
51.263161
42.998299
43.088951
47.204475
42.658531
45.869576
53.844749
46.681503
40.379311
45.980633
54.884735
35.022511
39.915382
42.782394
48.854652
53.290009
52.339981
46.005501
45.657692
48.542839
51.954868
48.099091
58.248123
50.627319
41.466759
54.597603
52.346977
56.968132
28.688530
52.171127
48.758240
35.364586
54.279503
47.390976
40.251534
42.002007
52.292336
45.376854
42.909248
45.120857
53.505127
52.477921
46.464462
49.538261
47.836052
34.721333
60.501907
54.334564
57.313210
60.177307
37.722893
51.439041
44.274216
45.456108
46.592918
42.658531
48.056343
56.031517
46.681503
40.379311
43.793869
55.591637
35.022511
43.371750
46.514854
48.854652
53.290009
49.069725
48.200729
47.759315
48.723221
49.251312
48.099091
58.248123
50.640846
41.466759
60.248314
52.346977
56.968132
31.566620
52.171127
48.758240
35.217949
54.891060
48.286591
41.004345
45.532005
52.292336
49.109314
45.276413
46.518677
54.400734
52.477921
47.552795
49.039246
50.777496
38.251328
58.474182
57.320450
58.703125
60.177307
37.722893
51.439041
47.804214
45.456108
49.745583
48.304024
48.056343
57.834686
48.484673
39.997948
46.330841
55.591637
35.942719
43.371750
46.514854
48.854652
53.303535
49.250114
53.460266
49.946434
51.047104
49.889572
51.629089
58.248123
55.368835
44.069397
58.248756
53.547462
56.968132
31.419979
49.467575
48.758240
36.493862
54.901596
50.742115
41.004345
45.532005
52.292336
51.812866
48.756714
49.713867
55.489075
52.477921
47.053787
53.596405
50.777496
41.983788
58.474182
56.708893
60.354782
62.544464
36.433456
54.989395
48.892548
44.367775
48.327137
50.671185
48.056343
59.720230
48.484673
39.817566
46.330841
54.645050
35.942719
43.371750
49.117485
49.663673
55.670700
52.706482
53.460266
50.842049
53.233879
49.998955
49.743546
60.572006
59.925995
47.549698
60.952309
54.823380
56.787750
32.695896
52.997574
49.347565
36.493862
53.629784
50.239464
42.926502
45.398094
52.292336
51.812866
48.756714
49.713867
52.365456
53.753838
44.261314
54.073189
55.505486
44.439316
55.197449
51.549816
60.455521
60.658920
36.433456
55.002922
52.999733
44.367775
48.327137
50.684708
48.066872
59.720230
52.188728
39.817566
46.330841
52.617325
35.942719
43.371750
49.729042
52.997337
58.949928
55.162003
53.460266
50.842049
53.233879
54.556114
49.743546
60.572006
60.926910
47.050682
60.952309
52.937836
60.244118
32.695896
51.119427
49.121078
39.974167
53.629784
51.442543
43.219383
46.009651
54.280693
51.812866
49.368271
49.713867
51.277122
53.753838
42.375778
54.974327
57.383629
44.439316
54.239517
51.549816
61.356651
60.658920
36.433456
56.003838
56.194916
42.489628
51.807442
57.128677
51.052765
59.720230
55.312347
43.550026
46.969101
52.617325
36.838333
44.277893
50.817383
55.728615
57.064384
55.162003
53.460266
50.842049
58.263443
52.997971
53.199913
60.572006
63.250793
48.702347
61.847923
52.937836
62.611282
34.301033
55.783104
49.121078
43.706627
51.602058
51.442543
43.219383
48.465176
52.402542
51.812866
49.368271
51.760399
55.331329
51.726105
40.348045
54.974327
59.208504
46.242485
52.353973
49.363052
61.356651
57.535309
38.318996
51.357826
56.833176
39.697159
50.249298
57.128677
51.249290
60.640434
55.312347
40.846474
49.897026
50.731781
40.368328
43.778881
50.817383
59.104347
57.064384
55.262741
58.160126
50.842049
60.919724
52.997971
55.859955
62.661377
63.503647
53.430328
61.847923
52.948364
62.611282
37.757401
59.695953
52.473816
43.706627
52.690392
51.442543
49.071426
50.116837
52.503281
49.785141
50.269409
52.061974
55.331329
51.739632
43.868874
54.974327
57.322960
48.946037
52.353973
49.363052
62.276863
59.959923
39.347900
53.544594
56.493744
39.697159
50.887558
57.128677
56.406090
60.650970
54.494331
40.846474
54.942062
57.450127
40.368328
41.592117
50.817383
61.193718
56.683029
52.256569
56.455345
53.297569
61.820862
52.997971
59.055138
62.661377
63.503647
53.430328
64.034691
55.953789
62.112267
39.698631
57.668228
52.092461
45.358284
52.254723
48.436371
51.674061
50.116837
52.503281
50.873474
51.357742
52.242355
57.526558
51.400200
43.392097
56.999107
54.199341
48.946037
52.014534
48.864037
59.699425
60.106567
39.448639
51.806061
62.013046
39.697159
53.490189
57.128677
56.506828
59.361526
54.494331
45.635529
54.942062
57.460663
43.546036
41.592117
50.817383
61.193718
53.566963
49.801044
56.455345
53.297569
57.139099
52.997971
59.356712
62.857903
66.393135
54.068588
62.149147
55.045837
62.112267
43.228630
57.668228
52.481819
50.360046
53.455208
48.612255
51.684593
46.943008
51.414948
50.873474
54.782410
52.242355
55.968414
57.264175
47.792606
56.999107
58.103378
55.869255
52.307411
48.864037
62.577515
61.631226
39.448639
56.103706
62.013046
39.697159
53.783066
58.329163
56.653465
58.273193
58.631973
46.535721
54.795418
62.323120
47.045418
43.395287
50.817383
64.317337
56.445053
49.329010
54.755447
53.909126
58.415016
52.997971
58.975357
62.857903
66.677193
55.269073
55.316368
60.498611
62.112267
45.932182
57.668228
50.923676
51.360966
53.115776
50.799023
52.960510
46.943008
51.414948
50.873474
62.634018
55.232063
55.968414
55.488022
50.248131
55.910767
58.103378
59.064438
23.611015
24.456190
27.915661
21.155493
22.059929
23.105301
21.155493
21.767050
23.859047
24.654869
22.958662
21.155493
24.288019
21.457067
21.155493
28.328566
21.155493
21.155493
23.824228
27.671377
22.243830
29.363785
25.100143
21.155493
24.222572
26.177393
25.662216
23.105301
23.522654
22.732983
21.155493
24.685492
27.110392
28.386684
25.103083
21.155493
24.307262
23.611015
22.431408
23.041035
25.700197
33.208351
21.155493
24.832130
21.767050
28.258579
25.325821
21.155493
27.809109
25.700197
24.919180
31.486652
24.456190
32.721573
32.433517
23.637419
29.058283
24.887953
25.516296
27.591509
25.413065
29.240253
24.685492
26.755486
22.215265
23.645195
30.687372
24.635798
24.129372
23.072416
33.056297
32.442482
37.682838
31.713673
27.621683
24.222572
29.604326
32.925278
25.571358
21.796501
23.344540
25.218945
28.263529
36.840141
26.508541
26.232359
27.899323
21.603706
32.765015
26.676712
27.622734
29.125389
34.512508
24.279110
27.535685
26.495037
28.258579
29.058283
26.337149
30.787827
30.263573
23.033638
37.913948
30.400913
30.846565
31.193636
27.798927
33.377529
32.025635
25.516296
38.310936
32.813503
28.562595
31.354708
28.187233
25.895027
27.101562
38.211502
31.241928
28.463039
25.527939
33.056297
39.201630
41.212639
35.164314
29.988844
27.849516
34.683006
34.201195
31.181961
27.485943
23.344540
29.763649
34.175419
34.384617
32.444366
28.110504
32.067581
28.748785
40.973305
31.404699
31.355194
32.111275
44.665497
28.841497
33.490585
30.374138
37.017490
32.514648
26.337149
32.883873
36.276749
23.033638
36.986309
35.235237
38.280830
43.356270
29.690598
36.363415
32.816227
30.543081
41.296825
34.616673
32.679024
36.521881
31.919693
33.009079
30.834023
46.042747
31.241928
35.576904
33.967628
35.227318
43.497406
43.033985
41.702278
34.457596
30.741020
34.683006
40.389175
32.083099
36.970840
30.533369
34.577110
38.903404
39.071724
30.135483
39.217506
37.249725
32.886421
44.134766
34.207619
34.422276
32.111275
44.665497
34.199947
36.418156
30.227497
41.262794
36.044647
29.498606
32.883873
36.991581
23.180275
43.481483
48.407845
43.178032
46.342155
34.418587
45.673103
41.043587
35.984489
41.973930
37.320229
36.698257
41.905998
35.416458
33.189835
34.109123
46.189384
30.264919
34.657013
41.828140
38.548523
42.729095
43.033985
42.313835
39.185585
36.572166
46.496544
44.016121
45.687492
40.806190
38.855431
40.334358
45.311775
48.449867
28.107756
41.921059
47.708557
36.035065
45.030376
37.331238
35.510612
34.814831
48.121681
41.915005
37.085304
38.364655
50.931084
39.524952
34.570072
34.336449
37.167465
29.003803
46.635544
50.775002
47.711548
52.297054
35.243996
46.053680
39.104088
39.776382
47.396858
39.951637
37.495461
47.753464
38.946457
31.942553
40.082935
53.037590
33.721287
32.201492
39.372620
40.234070
41.457291
50.648258
43.766411
39.185585
42.339905
49.482430
46.879486
45.687492
44.538651
39.148308
51.715553
43.913414
50.567112
29.027966
41.283119
44.268608
38.521935
49.829292
44.799011
40.278687
35.726501
48.173042
49.042450
40.372768
43.717705
50.931084
43.024330
40.666229
40.004272
39.491341
29.003803
53.824371
53.263344
54.815437
49.020321
34.804451
53.189812
42.998299
38.972519
50.821518
44.644047
39.223042
53.526512
44.624443
36.674835
40.528023
57.765579
33.721287
31.113155
43.444923
40.992264
46.466450
50.109566
45.882500
40.988754
45.043465
49.482430
47.780624
49.517044
47.733841
40.576046
51.715553
49.215958
53.553001
29.300087
41.283119
44.415245
37.861687
54.279503
43.859619
38.547180
37.420654
49.562958
44.040688
43.829136
42.701424
53.203552
46.931358
40.666229
44.380848
43.989937
28.622448
52.749561
52.881989
56.417603
60.163780
34.192894
53.966713
42.998299
38.972519
48.935978
39.537624
43.780201
53.844749
46.681503
39.378387
45.679054
53.233070
34.921776
38.639465
44.340538
48.854652
47.378120
52.038406
46.005501
45.997124
48.542839
50.178711
47.998352
57.159782
48.364101
41.466759
54.126587
52.339577
55.591484
28.688530
48.627266
47.482330
35.976143
54.279503
47.380444
43.375149
42.148643
52.292336
43.190086
42.270988
45.619865
53.505127
51.557713
43.008095
49.538261
44.712433
34.867970
58.474182
57.320450
57.614792
60.177307
37.722893
51.439041
47.804214
45.456108
47.378426
43.746864
48.056343
56.031517
48.484673
40.379311
43.963684
55.591637
35.022511
43.371750
46.514854
48.854652
53.290009
49.069725
51.657097
49.644859
48.723221
49.251312
48.099091
58.248123
50.640846
41.466759
61.372368
53.547462
56.968132
31.566620
49.467575
48.758240
36.493862
54.901596
48.286591
41.004345
45.532005
52.292336
51.812866
45.276413
49.713867
54.400734
52.477921
47.552795
49.039246
50.777496
38.251328
55.197449
51.549816
60.455521
60.658920
36.433456
55.002922
52.999733
44.367775
48.327137
50.684708
48.066872
59.720230
52.188728
39.817566
46.330841
52.617325
35.942719
43.371750
49.729042
52.997337
58.949928
55.162003
53.460266
50.842049
53.233879
54.556114
49.743546
60.572006
60.926910
47.050682
60.952309
52.937836
60.244118
32.695896
51.119427
49.121078
39.974167
53.629784
51.442543
43.219383
46.009651
54.280693
51.812866
49.368271
49.713867
51.277122
53.753838
42.375778
54.974327
57.383629
44.439316
52.353973
49.363052
62.276863
59.859192
42.051456
51.357826
56.493744
39.697159
50.249298
57.128677
53.295822
60.640434
57.197891
40.846474
49.897026
53.717667
40.368328
43.778881
50.817383
59.104347
56.683029
55.262741
58.013489
50.842049
61.820862
52.997971
55.859955
62.661377
63.503647
53.430328
61.847923
55.315529
62.611282
41.256775
57.668228
52.473816
43.706627
52.078835
51.442543
51.674061
50.116837
52.503281
49.785141
50.269409
52.242355
55.331329
51.739632
44.480431
56.852470
54.199341
48.946037
52.307411
48.864037
62.577515
61.631226
39.448639
56.103706
62.013046
39.697159
53.783066
58.329163
56.653465
58.273193
58.631973
46.535721
54.795418
62.323120
47.045418
43.395287
50.817383
64.317337
56.445053
49.329010
54.755447
53.909126
58.415016
52.997971
58.975357
62.857903
66.677193
55.269073
55.316368
60.498611
62.112267
45.932182
57.668228
50.923676
51.360966
53.115776
50.799023
52.960510
46.943008
51.414948
50.873474
62.634018
55.232063
55.968414
55.488022
50.248131
55.910767
58.103378
59.064438
31.486652
24.456190
32.721573
32.433517
23.637419
29.058283
24.887953
25.516296
27.591509
25.413065
29.240253
24.685492
26.755486
22.215265
23.645195
30.687372
24.635798
24.129372
23.072416
33.056297
32.442482
37.682838
31.713673
27.621683
24.222572
29.604326
32.925278
25.571358
21.796501
23.344540
25.218945
28.263529
36.840141
26.508541
26.232359
27.899323
21.603706
32.765015
26.676712
27.622734
29.125389
34.512508
24.279110
27.535685
26.495037
28.258579
29.058283
26.337149
30.787827
30.263573
23.033638
36.986309
35.235237
38.280830
43.356270
29.690598
36.363415
32.816227
30.543081
41.296825
34.616673
32.679024
36.521881
31.919693
33.009079
30.834023
46.042747
31.241928
35.576904
33.967628
35.227318
43.497406
43.033985
41.702278
34.457596
30.741020
34.683006
40.389175
32.083099
36.970840
30.533369
34.577110
38.903404
39.071724
30.135483
39.217506
37.249725
32.886421
44.134766
34.207619
34.422276
32.111275
44.665497
34.199947
36.418156
30.227497
41.262794
36.044647
29.498606
32.883873
36.991581
23.180275
46.635544
50.775002
47.711548
52.297054
35.243996
46.053680
39.104088
39.776382
47.396858
39.951637
37.495461
47.753464
38.946457
31.942553
40.082935
53.037590
33.721287
32.201492
39.372620
40.234070
41.457291
50.648258
43.766411
39.185585
42.339905
49.482430
46.879486
45.687492
44.538651
39.148308
51.715553
43.913414
50.567112
29.027966
41.283119
44.268608
38.521935
49.829292
44.799011
40.278687
35.726501
48.173042
49.042450
40.372768
43.717705
50.931084
43.024330
40.666229
40.004272
39.491341
29.003803
52.749561
52.881989
56.417603
60.163780
34.192894
53.966713
42.998299
38.972519
48.935978
39.537624
43.780201
53.844749
46.681503
39.378387
45.679054
53.233070
34.921776
38.639465
44.340538
48.854652
47.378120
52.038406
46.005501
45.997124
48.542839
50.178711
47.998352
57.159782
48.364101
41.466759
54.126587
52.339577
55.591484
28.688530
48.627266
47.482330
35.976143
54.279503
47.380444
43.375149
42.148643
52.292336
43.190086
42.270988
45.619865
53.505127
51.557713
43.008095
49.538261
44.712433
34.867970
55.197449
51.549816
60.455521
60.658920
36.433456
55.002922
52.999733
44.367775
48.327137
50.684708
48.066872
59.720230
52.188728
39.817566
46.330841
52.617325
35.942719
43.371750
49.729042
52.997337
58.949928
55.162003
53.460266
50.842049
53.233879
54.556114
49.743546
60.572006
60.926910
47.050682
60.952309
52.937836
60.244118
32.695896
51.119427
49.121078
39.974167
53.629784
51.442543
43.219383
46.009651
54.280693
51.812866
49.368271
49.713867
51.277122
53.753838
42.375778
54.974327
57.383629
44.439316
52.307411
48.864037
62.577515
61.631226
39.448639
56.103706
62.013046
39.697159
53.783066
58.329163
56.653465
58.273193
58.631973
46.535721
54.795418
62.323120
47.045418
43.395287
50.817383
64.317337
56.445053
49.329010
54.755447
53.909126
58.415016
52.997971
58.975357
62.857903
66.677193
55.269073
55.316368
60.498611
62.112267
45.932182
57.668228
50.923676
51.360966
53.115776
50.799023
52.960510
46.943008
51.414948
50.873474
62.634018
55.232063
55.968414
55.488022
50.248131
55.910767
58.103378
59.064438
29.197147
22.658972
21.155493
21.155493
21.155493
21.155493
22.414347
25.645065
21.155493
21.845921
22.658972
21.155493
21.155493
33.610367
21.155493
27.514429
33.610367
21.155493
33.610367
21.155493
21.155493
21.211920
21.155493
21.845921
21.155493
21.155493
21.155493
21.155493
21.155493
25.645065
21.155493
21.155493
21.155493
28.201248
21.155493
26.745173
22.658972
21.155493
21.155493
28.201248
21.155493
27.514429
21.155493
21.845921
31.044344
21.155493
27.514429
21.155493
21.155493
21.155493
25.828279
31.421902
22.715397
29.197147
22.161608
32.911148
21.155493
22.414347
29.082487
21.155493
31.734772
22.658972
21.155493
21.845921
33.610367
21.155493
27.514429
33.610367
31.044344
33.610367
29.609987
21.155493
21.211920
21.155493
21.845921
24.592916
23.380247
21.155493
21.155493
21.155493
25.645065
26.745173
21.155493
25.436237
28.201248
21.155493
31.417959
27.331758
21.155493
26.745173
28.201248
21.155493
27.514429
32.911148
21.845921
35.717133
21.155493
27.514429
21.155493
21.155493
28.201248
32.187218
31.421902
29.761152
29.253574
34.616482
37.400719
25.828279
22.414347
29.138914
23.380247
31.734772
27.148542
21.155493
21.845921
35.113846
21.155493
28.435024
33.610367
31.044344
33.610367
29.609987
21.845921
21.211920
21.155493
21.845921
24.592916
23.380247
25.828279
21.155493
21.155493
25.645065
28.248652
21.155493
25.436237
40.656120
21.155493
31.417959
27.331758
21.155493
30.182596
28.201248
21.155493
28.204857
32.911148
21.845921
36.407558
21.155493
27.514429
23.380247
22.161608
28.201248
32.187218
31.421902
34.250725
33.743145
39.289268
37.400719
32.187218
22.414347
33.811699
27.445759
31.791199
27.148542
21.155493
21.845921
45.002701
21.155493
28.435024
33.610367
31.044344
21.155493
33.482944
22.766518
26.831654
21.155493
27.435600
24.592916
23.380247
25.828279
21.155493
21.155493
25.645065
34.607590
21.155493
25.436237
41.914978
21.155493
31.417959
27.388184
21.155493
30.239021
29.460100
21.155493
28.204857
32.911148
21.845921
37.911037
21.155493
27.514429
23.380247
22.161608
31.638670
25.828279
31.421902
46.705597
40.102081
40.209866
38.321312
32.187218
22.414347
33.811699
27.445759
31.791199
27.148542
22.076090
21.845921
45.002701
22.414347
30.659779
33.610367
31.044344
21.211920
33.482944
22.766518
31.321226
21.155493
27.435600
29.082487
23.380247
25.828279
21.155493
21.155493
25.645065
35.613701
22.658972
25.436237
41.914978
21.155493
39.459618
27.388184
21.155493
30.239021
29.460100
29.609987
28.204857
32.911148
21.845921
37.911037
21.155493
28.204857
23.380247
22.161608
41.527519
32.874035
32.428017
47.396027
40.102081
39.203751
38.321312
34.411972
22.414347
33.550072
28.704613
35.228622
27.148542
25.949047
21.845921
45.002701
22.414347
43.114655
35.835121
45.173332
21.211920
33.482944
22.766518
31.321226
21.155493
27.435600
29.082487
23.380247
25.828279
21.155493
21.155493
25.645065
34.607590
23.665085
31.214645
41.914978
21.211920
39.459618
34.121220
21.155493
30.239021
29.460100
29.609987
29.708336
32.911148
22.766518
44.269974
21.155493
28.204857
23.380247
23.420460
45.400482
32.874035
30.163399
29.392006
25.436237
21.155493
26.775227
21.155493
21.155493
25.383434
21.155493
26.634674
29.392006
21.155493
21.155493
21.155493
21.155493
21.155493
21.155493
21.155493
21.155493
21.155493
21.155493
21.155493
21.155493
26.634674
21.155493
21.155493
21.155493
21.155493
21.155493
25.383434
21.155493
21.155493
25.436237
37.986469
21.155493
31.417812
29.392006
21.155493
21.155493
37.986469
21.155493
21.155493
21.155493
26.634674
45.173332
26.775227
21.155493
21.155493
21.155493
21.155493
22.477749
36.453667
29.392006
34.444145
21.155493
32.185638
21.155493
21.155493
25.383434
21.155493
50.652512
29.392006
21.155493
26.634674
21.155493
21.155493
21.155493
21.155493
45.173332
21.155493
22.385504
21.155493
21.155493
21.155493
26.634674
21.155493
27.445759
21.155493
21.155493
21.155493
25.383434
31.417812
21.155493
21.155493
37.986469
21.155493
32.740067
30.714264
21.155493
31.417812
37.986469
21.155493
21.155493
26.565903
26.634674
46.495586
26.775227
21.155493
21.155493
21.155493
37.986469
22.477749
36.453667
46.222984
34.444145
21.155493
36.413582
22.477749
21.155493
25.383434
27.445759
50.652512
33.619949
21.155493
26.634674
29.392006
21.155493
29.807106
21.155493
45.173332
21.155493
23.887701
26.634674
26.775227
21.155493
26.634674
21.155493
27.445759
22.477749
21.155493
21.155493
25.383434
39.654327
21.155493
21.155493
37.986469
21.155493
32.740067
30.714264
21.155493
31.417812
37.986469
21.155493
26.634674
26.565903
26.634674
51.974770
26.775227
21.155493
27.445759
21.155493
37.986469
22.477749
29.142574
29.480923
26.948708
24.141380
27.671377
26.120117
22.692043
30.070118
26.483788
33.580608
24.886930
25.517437
28.623085
29.952362
27.671377
26.182751
22.068626
27.685240
24.141380
33.225803
28.436749
26.058350
23.652592
30.452122
31.639694
27.484165
25.555023
38.105694
24.468405
29.488407
25.547832
31.766552
27.170946
28.324509
27.264996
27.714880
27.583374
27.584427
37.043938
32.950680
29.093931
38.943588
33.468178
25.853500
30.070118
41.103157
36.646332
30.521673
40.799477
36.857761
45.259186
29.061291
32.786671
28.775665
34.721378
28.234186
33.338348
32.462261
33.128040
32.235355
32.907646
41.305588
36.378021
35.696438
39.194031
34.425064
38.662041
31.135880
43.126442
39.433491
36.693619
36.957611
40.054436
31.270329
36.889317
44.378376
36.238140
35.715950
44.456734
35.112633
37.448162
42.511200
44.200417
35.755333
32.003914
38.791817
43.856350
41.524010
36.751663
42.018288
28.775665
46.800072
32.571068
42.865547
40.891151
38.528114
36.611671
35.188271
41.987206
43.313152
35.084881
42.398579
39.023651
44.568413
32.250118
44.023544
37.947018
39.380325
38.851471
48.460136
38.045170
33.301231
52.264751
38.339760
35.230461
39.208740
48.441605
35.562618
48.668629
48.586449
41.542439
40.239662
45.625343
46.180229
48.156517
55.099693
45.652515
29.085400
50.791214
39.114876
53.817352
46.090111
43.595131
45.973656
41.130585
51.901360
51.327950
39.690880
44.834465
44.361870
43.039558
38.021957
46.334316
41.848518
42.293728
39.299686
56.741791
44.453255
34.176254
51.695663
43.128693
36.969482
45.380295
50.670982
42.944656
46.501205
50.344444
48.169495
41.891319
50.366852
52.830208
58.909630
57.802254
44.905815
41.032951
55.741035
53.969986
60.916519
47.499031
46.482956
58.288605
49.398129
61.390167
54.411278
43.395187
60.479546
43.540672
48.176376
33.220257
48.062424
45.724884
50.934822
44.092072
60.020126
48.573963
30.812103
63.432808
42.656723
40.483635
51.342751
51.574043
41.303284
47.396820
50.184460
52.320351
43.960564
50.844315
54.399437
56.427742
60.822906
46.464287
50.053268
62.625618
55.513054
62.835518
41.247845
44.960239
50.610039
58.325096
59.841805
52.227737
48.441299
61.684357
44.293678
50.212486
37.420189
43.469193
56.695831
50.934822
47.383465
58.726616
52.145798
21.155493
21.155493
21.568558
21.155493
21.155493
21.155493
21.155493
21.155493
25.383434
21.155493
21.155493
21.155493
22.385504
26.691971
21.155493
21.155493
26.691971
21.155493
26.691971
21.155493
22.316378
21.155493
21.155493
21.155493
22.385504
21.155493
21.155493
26.775227
21.155493
21.155493
21.155493
21.155493
21.155493
22.477749
26.565903
21.155493
21.155493
25.383434
21.155493
21.568558
21.155493
21.155493
22.385504
22.385504
21.155493
25.383434
21.155493
26.775227
21.155493
22.385504
27.105034
25.383434
21.155493
26.691971
22.316378
36.954288
21.155493
22.316378
21.155493
26.634674
21.155493
22.385504
25.383434
21.155493
27.936113
21.155493
21.155493
21.155493
21.155493
21.568558
22.477749
27.795914
21.155493
21.155493
25.383434
22.477749
21.568558
21.155493
21.155493
22.385504
22.385504
21.155493
25.409296
26.565903
26.775227
21.155493
22.385504
27.105034
25.383434
26.565903
26.691971
21.155493
36.954288
25.400835
22.316378
21.155493
26.634674
22.477749
22.385504
30.862616
21.155493
27.936113
21.155493
26.775227
21.155493
22.385504
21.568558
28.014225
27.795914
21.155493
21.155493
32.068680
27.608294
21.155493
26.247345
34.699429
26.766098
24.887953
28.529758
26.439333
32.450035
24.611860
35.370419
27.019176
31.539509
30.811199
38.627571
29.979805
24.661924
31.936760
30.429657
35.070885
29.841110
37.700523
38.845032
42.410194
38.092541
36.236565
34.299053
40.139511
40.209206
35.194073
40.613289
35.560707
44.290993
44.592514
40.141834
48.833000
46.146843
31.683784
50.615051
43.775623
41.034401
40.835548
34.689308
49.864891
45.803596
41.665802
48.993969
44.168114
36.954773
34.854652
38.941269
36.646637
44.243950
35.523830
54.892944
41.157585
43.377022
37.712898
45.386276
44.901299
49.281143
31.908833
47.863777
45.778694
42.240452
21.155493
29.807106
29.807106
37.986469
21.155493
27.445759
21.155493
21.155493
27.445759
21.155493
29.807106
27.445759
36.097374
29.807106
