37.305870
37.327564
37.433708
37.305870
37.305870
37.307491
37.305870
37.305870
37.305870
37.305870
37.305870
37.305870
37.349400
37.309780
37.305870
37.399704
37.305870
37.305870
37.309780
37.413586
37.305870
37.432087
37.309780
37.305870
37.335659
37.320560
37.346714
37.307491
37.305870
37.309780
37.305870
37.305870
37.335659
37.335518
37.376724
37.305870
37.307491
37.305870
37.320560
37.327904
37.305870
37.349400
37.305870
37.305870
37.305870
37.337116
37.305870
37.305870
37.305870
37.386322
37.327564
37.305870
37.343876
37.455742
37.305870
37.309093
37.307491
37.305870
37.310104
37.337116
37.376724
37.346714
37.305870
37.351021
37.309780
37.305870
37.444180
37.305870
37.305870
37.309780
37.413586
37.315735
37.501991
37.339428
37.305870
37.335659
37.415966
37.377960
37.307491
37.335518
37.324471
37.305870
37.370056
37.406513
37.357212
37.380634
37.305870
37.338741
37.335659
37.320560
37.327904
37.396187
37.451546
37.305870
37.307491
37.310104
37.351810
37.346714
37.305870
37.356922
37.396187
37.349598
37.405560
37.343876
37.470432
37.401119
37.317238
37.377983
37.305870
37.310104
37.337116
37.376724
37.346714
37.305870
37.372715
37.309780
37.305870
37.414394
37.305870
37.305870
37.314034
37.413586
37.385639
37.501991
37.354118
37.305870
37.339893
37.415966
37.399654
37.378117
37.335518
37.324471
37.356922
37.391750
37.406513
37.400745
37.380634
37.349400
37.342648
37.379189
37.350208
37.327904
37.400097
37.587639
37.356922
37.371677
37.310104
37.402859
37.376362
37.370056
37.421108
37.410877
37.349598
37.439117
37.343876
37.470432
37.444851
37.331928
37.473236
37.305870
37.390556
37.432369
37.378345
37.387825
37.305870
37.365444
37.311398
37.327564
37.415531
37.305870
37.327904
37.328724
37.484440
37.429173
37.566177
37.376152
37.375774
37.339893
37.449528
37.399654
37.378117
37.310123
37.328705
37.360832
37.395985
37.457561
37.379047
37.380634
37.349400
37.311398
37.479691
37.350208
37.327904
37.451145
37.587639
37.356922
37.402927
37.310104
37.402859
37.471615
37.400013
37.425343
37.414783
37.349598
37.457256
37.343876
37.534618
37.518665
37.331928
37.471615
37.401119
37.393780
37.432369
37.382580
37.413754
37.370056
37.375309
37.315632
37.331799
37.440784
37.375774
37.337769
37.328724
37.506474
37.524422
37.650547
37.502369
37.419308
37.339893
37.455379
37.492542
37.378239
37.314034
37.328705
37.369106
37.405849
37.605473
37.379047
37.395325
37.433762
37.311398
37.483601
37.371902
37.380844
37.451145
37.580368
37.356922
37.402927
37.436321
37.402859
37.471615
37.400013
37.454994
37.458317
37.327564
37.457256
37.348110
37.512585
37.526936
37.371578
37.552837
37.503269
37.393780
37.454403
37.404613
37.413754
37.440910
37.406559
37.315632
37.331799
37.510689
37.501991
37.359463
37.328724
37.506474
37.588604
37.672245
37.554558
37.448956
37.411415
37.521999
37.492542
37.399933
37.345280
37.328705
37.378971
37.486301
37.605473
37.379047
37.417019
37.506218
37.391850
37.679722
37.498119
37.476097
37.494678
37.631420
37.375179
37.473782
37.533195
37.554165
37.552067
37.400013
37.458218
37.459938
37.327564
37.565983
37.453140
37.512585
37.505241
37.378372
37.552837
37.503269
37.393780
37.605709
37.486198
37.428555
37.567127
37.388020
37.386486
37.331799
37.561741
37.523685
37.389248
37.358509
37.506474
37.633251
37.672245
37.556175
37.448956
37.411415
37.591908
37.507233
37.495182
37.345280
37.328705
37.459419
37.516087
37.575687
37.408836
37.417019
37.506218
37.454727
37.679722
37.498119
37.476097
37.494678
37.702274
37.375179
37.503567
37.533195
37.595009
37.552067
37.400013
37.458218
37.489586
37.327564
37.565983
37.463005
37.563755
37.543114
37.378529
37.581291
37.544109
37.384911
37.627403
37.507893
37.406864
37.535599
37.388020
37.387623
37.412251
37.660641
37.523685
37.390869
37.358662
37.506474
37.638298
37.702198
37.651428
37.513138
37.452259
37.577061
37.602486
37.495182
37.388813
37.328705
37.459419
37.516087
37.575687
37.478741
37.457859
37.506218
37.454727
37.679722
37.498119
37.476097
37.494678
37.766460
37.404827
37.533520
37.533195
37.595009
37.552067
37.400013
37.499058
37.560440
37.329185
37.550999
37.463161
37.573193
37.710171
37.400223
37.624821
37.573757
37.406605
37.627403
37.548737
37.406864
37.545464
37.483269
37.438965
37.507504
37.709293
37.523685
37.505253
37.399506
37.509697
37.656750
37.702198
37.693825
37.509438
37.483818
37.577061
37.632275
37.505093
37.482784
37.409153
37.481453
37.516087
37.576824
37.448956
37.567959
37.578964
37.454727
37.701756
37.498119
37.480335
37.494678
37.766460
37.474728
37.533520
37.531574
37.624660
37.616253
37.414703
37.499058
37.601284
37.329185
37.541504
37.558414
37.653645
37.741421
37.400223
37.624821
37.555973
37.470791
37.670933
37.548737
37.528843
37.589550
37.483269
37.504635
37.507504
37.730991
37.523685
37.510300
37.521412
37.531391
37.737972
37.730556
37.693825
37.519302
37.462124
37.577061
37.632275
37.505093
37.553638
37.504406
37.519325
37.642303
37.648914
37.450573
37.637863
37.580101
37.533855
37.716446
37.527515
37.510120
37.494678
37.766460
37.496426
37.548214
37.531574
37.646351
37.616253
37.436737
37.499058
37.591419
37.329185
37.634972
37.588200
37.669071
37.784954
37.400223
37.624821
37.555973
37.514320
37.643597
37.548737
37.528843
37.619511
37.568401
37.503017
37.517368
37.732609
37.501991
37.510300
37.649250
37.538185
37.686153
37.730556
37.698059
37.519302
37.484158
37.723148
37.632275
37.712536
37.575672
37.563843
37.614574
37.733318
37.773846
37.450573
37.669109
37.609497
37.533855
37.740276
37.527515
37.519985
37.525928
37.892677
37.526211
37.497532
37.531574
37.716255
37.616253
37.446644
37.473660
37.591419
37.329185
37.660679
37.699898
37.739925
37.784954
37.526440
37.782288
37.753048
37.544109
37.684437
37.579983
37.603725
37.714760
37.568401
37.525051
37.517368
37.732609
37.511898
37.518574
37.649250
37.538185
37.717403
37.730556
37.698059
37.645519
37.587055
37.754398
37.703796
37.843887
37.616512
37.634697
37.616199
37.776852
37.778084
37.425179
37.669109
37.773586
37.589169
37.771526
37.578571
37.519985
37.525928
37.874138
37.606663
37.558163
37.681931
37.746040
37.686157
37.487484
37.543568
37.593311
37.358833
37.660679
37.802795
37.835178
37.784954
37.557690
37.808216
37.753048
37.575359
37.750179
37.579983
37.603725
37.784664
37.568401
37.493523
37.568485
37.849499
37.511898
37.487045
37.692780
37.569431
37.710133
37.734791
37.767963
37.645519
37.572956
37.772655
37.703796
37.843887
37.713387
37.634697
37.678738
37.782383
37.840054
37.425179
37.669109
37.773586
37.632702
37.835529
37.588478
37.584171
37.526047
37.823086
37.691036
37.562069
37.696732
37.841293
37.686157
37.517136
37.669781
37.615345
37.439281
37.682369
37.802795
37.856869
37.784954
37.535999
37.818127
37.721519
37.585224
37.774288
37.609776
37.603725
37.784664
37.568401
37.501797
37.570110
37.849499
37.511898
37.487045
37.662994
37.649883
37.710133
37.785847
37.767963
37.645519
37.719257
37.772655
37.682102
37.843887
37.713387
37.637920
37.681957
37.755817
37.808804
37.443626
37.637585
37.729485
37.632702
37.886581
37.622627
37.613186
37.535954
37.859810
37.695271
37.562069
37.740261
37.841293
37.757011
37.551289
37.673695
37.645130
37.439281
37.697063
37.832443
37.829098
37.885593
37.535999
37.816563
37.712650
37.585224
37.767017
37.611664
37.615894
37.814312
37.632587
37.479763
37.621159
37.890339
37.592350
37.457256
37.662994
37.624073
37.691593
37.882717
37.742569
37.645519
37.719257
37.816181
37.808475
37.843887
37.713387
37.637920
37.911076
37.762611
37.904057
37.443626
37.656033
37.729485
37.625431
37.847786
37.703079
37.613186
37.535954
37.859966
37.759457
37.605602
37.769909
37.841293
37.757011
37.594818
37.681965
37.619854
37.439281
37.872765
37.832443
37.821369
37.843201
37.526249
37.817699
37.783577
37.615177
37.767017
37.626354
37.680080
37.814472
37.661045
37.494450
37.612293
37.890339
37.592350
37.447392
37.685028
37.624073
37.742645
37.856907
37.742569
37.645519
37.719257
37.816181
37.808475
37.865921
37.794609
37.649921
37.911076
37.803455
37.904057
37.443626
37.656033
37.729485
37.629669
37.911968
37.677685
37.613186
37.535954
37.859966
37.708405
37.686054
37.755573
37.841293
37.768017
37.594818
37.700413
37.632362
37.439281
37.872765
37.836353
37.938255
37.843201
37.534523
37.969006
37.762417
37.585392
37.768909
37.680630
37.689991
37.845394
37.680916
37.574902
37.645229
38.016560
37.592350
37.447392
37.704899
37.629932
37.764675
37.835217
37.768101
37.686359
37.719257
37.816181
37.818386
37.931664
37.794609
37.649921
37.911076
37.874310
37.904057
37.447861
37.656033
37.731106
37.611130
37.930416
37.687550
37.591496
37.530304
37.863876
37.686710
37.686054
37.755695
37.937725
37.792721
37.594818
37.780865
37.632362
37.439281
37.872765
37.847359
37.968487
37.863075
37.534523
37.969006
37.762417
37.585392
37.803768
37.680630
37.658741
37.918137
37.710567
37.574902
37.716084
37.929203
37.592350
37.451626
37.704899
37.629932
37.764797
37.907799
37.746067
37.781612
37.750507
37.797928
37.818386
37.982327
37.809299
37.645687
37.901211
37.925362
38.017490
37.439373
37.656033
37.731106
37.611130
37.930416
37.687550
37.674339
37.553585
37.873741
37.677845
37.686054
37.755695
37.937725
37.810978
37.594818
37.780865
37.662987
37.430416
37.872921
37.847359
37.968487
37.928818
37.534523
37.961735
37.762417
37.585392
37.803768
37.689400
37.658741
37.918137
37.710682
37.606152
37.716084
37.929203
37.607151
37.577847
37.728733
37.648640
37.764797
37.857117
37.755932
37.796303
37.750507
37.807793
37.827374
37.982327
37.800411
37.709873
37.972065
37.925362
37.985931
37.439373
37.656189
37.760891
37.589096
37.930416
37.687550
37.740959
37.553585
37.888546
37.701038
37.686054
37.755695
37.937725
37.823971
37.596439
37.819386
37.662987
37.445217
37.863056
37.847359
38.038395
38.031715
37.530285
37.976421
37.762417
37.585392
37.781738
37.607098
37.761642
37.912182
37.733967
37.606152
37.746044
37.928223
37.607151
37.597717
37.728733
37.792385
37.774704
37.871918
37.774380
37.796303
37.821362
37.848637
37.831608
38.040657
37.800411
37.684475
37.972065
37.925362
38.019917
37.439373
37.835033
37.765125
37.589096
37.930416
37.725983
37.725971
37.679802
37.918499
37.671253
37.654522
37.815639
37.941631
37.840366
37.614693
37.862919
37.731300
37.562099
37.965954
37.917263
38.062225
38.031872
37.530285
37.945179
37.762417
37.707371
37.761665
37.698116
37.787346
37.912182
37.733967
37.617207
37.749950
37.958179
37.608315
37.612408
37.697205
37.792385
37.884941
37.875828
37.774380
37.792049
37.821362
37.863407
37.832775
38.050522
37.834602
37.684475
37.977238
37.925701
38.035770
37.439373
37.874683
37.779819
37.584858
37.930416
37.726101
37.674923
37.678181
37.918499
37.691128
37.662800
37.808372
37.941631
37.858814
37.695145
37.862919
37.782352
37.560482
38.047176
37.891869
38.062225
38.031872
37.594471
37.947063
37.777103
37.737022
37.757427
37.698116
37.807217
37.932053
37.733967
37.617207
37.730080
37.978352
37.608315
37.692860
37.792458
37.792385
37.884941
37.823154
37.792637
37.816761
37.822498
37.832161
37.832775
38.050522
37.834759
37.684475
38.088249
37.925701
38.035770
37.496895
37.874683
37.779819
37.583241
37.934650
37.749935
37.724125
37.742367
37.918499
37.786377
37.692448
37.823795
37.965466
37.858814
37.705009
37.855648
37.820381
37.624668
38.021778
37.935398
38.076000
38.031872
37.594471
37.947063
37.841290
37.737022
37.798286
37.810879
37.807217
37.972897
37.774807
37.608341
37.762016
37.978352
37.626762
37.692860
37.792458
37.792385
37.885098
37.824287
37.913933
37.842701
37.874603
37.840435
37.896957
38.050522
37.960976
37.737103
38.065651
37.940502
38.035770
37.495274
37.843433
37.779819
37.597927
37.934772
37.779720
37.724125
37.742367
37.918499
37.817627
37.762352
37.905022
37.975330
37.858814
37.697739
37.958546
37.820381
37.719921
38.021778
37.931164
38.105957
38.061520
37.579628
37.985836
37.851154
37.727154
37.778126
37.840527
37.807217
37.994930
37.774807
37.607204
37.762016
37.951057
37.626762
37.692860
37.845085
37.790504
37.914745
37.904739
37.913933
37.866535
37.903118
37.847694
37.874924
38.102627
38.063877
37.807011
38.096897
37.955189
38.034634
37.509968
37.907619
37.782413
37.597927
37.916233
37.773758
37.762501
37.725178
37.918499
37.817627
37.762352
37.905022
37.924282
37.873501
37.647057
37.964176
37.946598
37.749706
37.979389
37.870129
38.107121
38.039486
37.579628
37.985992
37.910900
37.727154
37.778126
37.840679
37.807339
37.994930
37.814114
37.607204
37.762016
37.925663
37.626762
37.692860
37.849319
37.858788
37.974243
37.934528
37.913933
37.866535
37.903118
37.950592
37.874924
38.102627
38.074932
37.799740
38.096897
37.933155
38.115086
37.509968
37.885929
37.790676
37.667835
37.916233
37.784184
37.765720
37.729412
37.947475
37.817627
37.766586
37.905022
37.914417
37.873501
37.625023
37.974087
37.968288
37.749706
37.976143
37.870129
38.117027
38.039486
37.579628
37.997051
37.992123
37.705463
37.848030
37.956768
37.850872
37.994930
37.865162
37.702457
37.770290
37.925663
37.650597
37.716808
37.859188
37.888767
37.952209
37.934528
37.913933
37.866535
38.033245
37.919064
37.955376
38.102627
38.127041
37.829693
38.120731
37.933155
38.144733
37.530071
37.993950
37.790676
37.763084
37.890835
37.784184
37.765720
37.759201
37.925785
37.817627
37.766586
37.928303
38.021717
37.848110
37.599628
37.974087
38.013126
37.790550
37.954109
37.850254
38.117027
37.988434
37.601662
37.879047
38.000397
37.654781
37.816502
37.956768
37.855034
38.013378
37.865162
37.671207
37.808163
37.903629
37.714783
37.709541
37.859188
37.937004
37.952209
37.935688
37.999584
37.866535
38.061020
37.919064
37.988247
38.128330
38.142487
37.955914
38.120731
37.933277
38.144733
37.610523
38.090336
37.859909
37.763084
37.900700
37.784184
37.920391
37.789158
37.926949
37.792233
37.776493
37.932213
38.021717
37.848263
37.638058
37.974087
37.991093
37.821800
37.954109
37.850254
38.135475
38.041702
37.665665
37.898918
37.996143
37.654781
37.824776
37.956768
37.912464
38.013500
37.855949
37.671207
37.925049
38.042412
37.714783
37.689667
37.859188
37.962708
37.943340
37.902893
37.966438
37.896320
38.070927
37.919064
38.069469
38.128330
38.142487
37.955914
38.140602
37.971199
38.137463
37.649849
38.064938
37.851040
37.793041
37.898357
37.751389
37.973019
37.789158
37.926949
37.802097
37.786358
37.933346
38.039970
37.844009
37.632431
37.997398
37.940041
37.821800
37.949856
37.842983
38.109177
38.043320
37.666828
37.866253
38.107460
37.654781
37.877403
37.956768
37.913631
37.998653
37.855949
37.755581
37.925049
38.042530
37.750355
37.689667
37.859188
37.962708
37.908081
37.873108
37.966438
37.896320
37.988346
37.919064
38.073376
38.132496
38.181370
37.964184
38.118568
37.962467
38.137463
37.714035
38.064938
37.857868
37.865788
37.913158
37.753281
37.973137
37.729607
37.917084
37.802097
37.823109
37.933346
38.008442
37.945061
37.720783
37.997398
37.986088
37.966274
37.953079
37.842983
38.166698
38.077305
37.666828
37.949680
38.107460
37.654781
37.880623
37.971569
37.915249
37.988789
37.935078
37.768059
37.923428
38.147083
37.821209
37.730511
37.859188
38.013760
37.965603
37.867939
37.952335
37.900555
38.003040
37.919064
38.064510
38.132496
38.200970
37.978985
37.980694
38.089199
38.137463
37.745285
38.064938
37.826340
37.876846
37.908905
37.773151
37.987827
37.729607
37.917084
37.802097
38.000378
37.967209
38.008442
37.930286
37.750568
37.987534
37.986088
38.047497
37.335659
37.343876
37.455742
37.305870
37.313328
37.348331
37.305870
37.310104
37.337116
37.376724
37.346714
37.305870
37.351021
37.309780
37.305870
37.414394
37.305870
37.305870
37.339428
37.413586
37.315735
37.501991
37.354118
37.305870
37.339893
37.415966
37.377960
37.348331
37.335518
37.324471
37.305870
37.370056
37.406513
37.400745
37.382252
37.305870
37.342648
37.335659
37.320560
37.327904
37.396187
37.546795
37.305870
37.371677
37.310104
37.402859
37.376362
37.305870
37.421108
37.396187
37.349598
37.457256
37.343876
37.534618
37.518665
37.331928
37.471615
37.401119
37.393780
37.432369
37.382580
37.413754
37.370056
37.375309
37.315632
37.331799
37.440784
37.375774
37.337769
37.328724
37.506474
37.524422
37.650547
37.502369
37.419308
37.339893
37.455379
37.492542
37.378239
37.314034
37.328705
37.369106
37.405849
37.605473
37.379047
37.395325
37.433762
37.311398
37.483601
37.371902
37.380844
37.451145
37.580368
37.356922
37.402927
37.436321
37.402859
37.471615
37.400013
37.454994
37.458317
37.327564
37.565983
37.453140
37.512703
37.505241
37.378372
37.581291
37.544109
37.393780
37.627403
37.507893
37.406864
37.535599
37.388020
37.387623
37.412251
37.580189
37.523685
37.389248
37.358509
37.506474
37.637165
37.702198
37.556175
37.448956
37.411415
37.577061
37.507233
37.495182
37.388813
37.328705
37.459419
37.516087
37.575687
37.478741
37.417019
37.506218
37.454727
37.679722
37.498119
37.476097
37.494678
37.766460
37.404827
37.503567
37.533195
37.595009
37.552067
37.400013
37.499058
37.560440
37.327564
37.541504
37.558414
37.653645
37.741421
37.400223
37.624821
37.555973
37.470791
37.670933
37.548737
37.528843
37.589550
37.483269
37.504635
37.507504
37.730991
37.523685
37.510300
37.521412
37.531391
37.737972
37.730556
37.693825
37.519302
37.462124
37.577061
37.632275
37.505093
37.553638
37.504406
37.519325
37.642303
37.648914
37.450573
37.637863
37.580101
37.533855
37.716446
37.527515
37.510120
37.494678
37.766460
37.496426
37.548214
37.531574
37.646351
37.616253
37.436737
37.499058
37.591419
37.329185
37.660679
37.802795
37.739925
37.784954
37.526440
37.803982
37.753048
37.544109
37.699127
37.579983
37.603725
37.714760
37.568401
37.493523
37.537239
37.732609
37.511898
37.487045
37.692780
37.569431
37.710133
37.730556
37.698059
37.645519
37.582821
37.772655
37.703796
37.843887
37.618134
37.634697
37.637890
37.780758
37.830189
37.425179
37.669109
37.773586
37.589169
37.740276
37.578571
37.519985
37.525928
37.874138
37.647503
37.558163
37.696732
37.841293
37.686157
37.517136
37.543568
37.593311
37.439281
37.697063
37.832443
37.829098
37.885593
37.535999
37.816563
37.712650
37.585224
37.767017
37.611664
37.615894
37.814312
37.632587
37.479763
37.621159
37.890339
37.592350
37.457256
37.662994
37.624073
37.691593
37.882717
37.742569
37.645519
37.719257
37.816181
37.808475
37.843887
37.713387
37.637920
37.911076
37.762611
37.904057
37.443626
37.656033
37.729485
37.625431
37.847786
37.703079
37.613186
37.535954
37.859966
37.759457
37.605602
37.769909
37.841293
37.757011
37.594818
37.681965
37.619854
37.439281
37.872765
37.856224
37.990185
37.843201
37.534523
37.969006
37.762417
37.585392
37.803768
37.680630
37.658741
37.896446
37.710567
37.574902
37.645229
38.016560
37.592350
37.447392
37.704899
37.629932
37.764675
37.869366
37.768101
37.686359
37.750507
37.816181
37.818386
37.901875
37.794609
37.649921
37.911076
37.874310
37.947586
37.443611
37.656033
37.731106
37.611130
37.930416
37.687550
37.593117
37.553585
37.873741
37.686710
37.686054
37.755695
37.937725
37.792721
37.594818
37.780865
37.667225
37.430416
37.863056
37.847359
38.038395
38.031715
37.530285
37.976421
37.762417
37.585392
37.781738
37.607098
37.761642
37.912182
37.733967
37.606152
37.746044
37.928223
37.607151
37.597717
37.728733
37.792385
37.774704
37.871918
37.774380
37.796303
37.821362
37.848637
37.831608
38.040657
37.800411
37.684475
37.972065
37.925362
38.019917
37.439373
37.835033
37.765125
37.589096
37.930416
37.725983
37.725971
37.679802
37.918499
37.671253
37.654522
37.815639
37.941631
37.840366
37.614693
37.862919
37.731300
37.562099
38.021778
37.935398
38.066135
38.031872
37.594471
37.947063
37.841290
37.737022
37.768639
37.707981
37.807217
37.932053
37.774807
37.617207
37.732368
37.978352
37.608315
37.692860
37.792458
37.792385
37.884941
37.823154
37.873089
37.838795
37.822498
37.832161
37.832775
38.050522
37.834759
37.684475
38.116703
37.940502
38.035770
37.496895
37.843433
37.779819
37.597927
37.934772
37.749935
37.724125
37.742367
37.918499
37.817627
37.692448
37.905022
37.965466
37.858814
37.705009
37.855648
37.820381
37.624668
37.979389
37.870129
38.107121
38.039486
37.579628
37.985992
37.910900
37.727154
37.778126
37.840679
37.807339
37.994930
37.814114
37.607204
37.762016
37.925663
37.626762
37.692860
37.849319
37.858788
37.974243
37.934528
37.913933
37.866535
37.903118
37.950592
37.874924
38.102627
38.074932
37.799740
38.096897
37.933155
38.115086
37.509968
37.885929
37.790676
37.667835
37.916233
37.784184
37.765720
37.729412
37.947475
37.817627
37.766586
37.905022
37.914417
37.873501
37.625023
37.974087
37.968288
37.749706
37.954109
37.850254
38.135475
38.040539
37.696911
37.879047
37.996143
37.654781
37.816502
37.956768
37.878315
38.013378
37.887196
37.671207
37.808163
37.947159
37.714783
37.709541
37.859188
37.937004
37.943340
37.935688
37.997967
37.866535
38.070927
37.919064
37.988247
38.128330
38.142487
37.955914
38.120731
37.962925
38.144733
37.681377
38.064938
37.859909
37.763084
37.896465
37.784184
37.973019
37.789158
37.926949
37.792233
37.776493
37.933346
38.021717
37.848263
37.642296
37.995777
37.940041
37.821800
37.953079
37.842983
38.166698
38.077305
37.666828
37.949680
38.107460
37.654781
37.880623
37.971569
37.915249
37.988789
37.935078
37.768059
37.923428
38.147083
37.821209
37.730511
37.859188
38.013760
37.965603
37.867939
37.952335
37.900555
38.003040
37.919064
38.064510
38.132496
38.200970
37.978985
37.980694
38.089199
38.137463
37.745285
38.064938
37.826340
37.876846
37.908905
37.773151
37.987827
37.729607
37.917084
37.802097
38.000378
37.967209
38.008442
37.930286
37.750568
37.987534
37.986088
38.047497
37.457256
37.343876
37.534618
37.518665
37.331928
37.471615
37.401119
37.393780
37.432369
37.382580
37.413754
37.370056
37.375309
37.315632
37.331799
37.440784
37.375774
37.337769
37.328724
37.506474
37.524422
37.650547
37.502369
37.419308
37.339893
37.455379
37.492542
37.378239
37.314034
37.328705
37.369106
37.405849
37.605473
37.379047
37.395325
37.433762
37.311398
37.483601
37.371902
37.380844
37.451145
37.580368
37.356922
37.402927
37.436321
37.402859
37.471615
37.400013
37.454994
37.458317
37.327564
37.541504
37.558414
37.653645
37.741421
37.400223
37.624821
37.555973
37.470791
37.670933
37.548737
37.528843
37.589550
37.483269
37.504635
37.507504
37.730991
37.523685
37.510300
37.521412
37.531391
37.737972
37.730556
37.693825
37.519302
37.462124
37.577061
37.632275
37.505093
37.553638
37.504406
37.519325
37.642303
37.648914
37.450573
37.637863
37.580101
37.533855
37.716446
37.527515
37.510120
37.494678
37.766460
37.496426
37.548214
37.531574
37.646351
37.616253
37.436737
37.499058
37.591419
37.329185
37.697063
37.832443
37.829098
37.885593
37.535999
37.816563
37.712650
37.585224
37.767017
37.611664
37.615894
37.814312
37.632587
37.479763
37.621159
37.890339
37.592350
37.457256
37.662994
37.624073
37.691593
37.882717
37.742569
37.645519
37.719257
37.816181
37.808475
37.843887
37.713387
37.637920
37.911076
37.762611
37.904057
37.443626
37.656033
37.729485
37.625431
37.847786
37.703079
37.613186
37.535954
37.859966
37.759457
37.605602
37.769909
37.841293
37.757011
37.594818
37.681965
37.619854
37.439281
37.863056
37.847359
38.038395
38.031715
37.530285
37.976421
37.762417
37.585392
37.781738
37.607098
37.761642
37.912182
37.733967
37.606152
37.746044
37.928223
37.607151
37.597717
37.728733
37.792385
37.774704
37.871918
37.774380
37.796303
37.821362
37.848637
37.831608
38.040657
37.800411
37.684475
37.972065
37.925362
38.019917
37.439373
37.835033
37.765125
37.589096
37.930416
37.725983
37.725971
37.679802
37.918499
37.671253
37.654522
37.815639
37.941631
37.840366
37.614693
37.862919
37.731300
37.562099
37.979389
37.870129
38.107121
38.039486
37.579628
37.985992
37.910900
37.727154
37.778126
37.840679
37.807339
37.994930
37.814114
37.607204
37.762016
37.925663
37.626762
37.692860
37.849319
37.858788
37.974243
37.934528
37.913933
37.866535
37.903118
37.950592
37.874924
38.102627
38.074932
37.799740
38.096897
37.933155
38.115086
37.509968
37.885929
37.790676
37.667835
37.916233
37.784184
37.765720
37.729412
37.947475
37.817627
37.766586
37.905022
37.914417
37.873501
37.625023
37.974087
37.968288
37.749706
37.953079
37.842983
38.166698
38.077305
37.666828
37.949680
38.107460
37.654781
37.880623
37.971569
37.915249
37.988789
37.935078
37.768059
37.923428
38.147083
37.821209
37.730511
37.859188
38.013760
37.965603
37.867939
37.952335
37.900555
38.003040
37.919064
38.064510
38.132496
38.200970
37.978985
37.980694
38.089199
38.137463
37.745285
38.064938
37.826340
37.876846
37.908905
37.773151
37.987827
37.729607
37.917084
37.802097
38.000378
37.967209
38.008442
37.930286
37.750568
37.987534
37.986088
38.047497
37.398388
37.324703
37.305870
37.305870
37.305870
37.305870
37.314587
37.355328
37.305870
37.314381
37.324703
37.305870
37.305870
37.555790
37.305870
37.378880
37.555790
37.305870
37.555790
37.305870
37.305870
37.307789
37.317429
37.314381
37.305870
37.305870
37.305870
37.305870
37.305870
37.355328
37.317429
37.305870
37.305870
37.485340
37.305870
37.407398
37.324703
37.305870
37.305870
37.485340
37.305870
37.378880
37.305870
37.314381
37.535015
37.305870
37.378880
37.317429
37.305870
37.305870
37.366295
37.422852
37.326626
37.398388
37.318081
37.617718
37.305870
37.314587
37.405434
37.305870
37.543530
37.324703
37.305870
37.314381
37.555790
37.305870
37.378880
37.555790
37.535015
37.555790
37.382103
37.305870
37.307789
37.317848
37.314381
37.355976
37.330334
37.305870
37.305870
37.305870
37.355328
37.418957
37.305870
37.354485
37.485340
37.305870
37.467827
37.385128
37.305870
37.407398
37.485340
37.305870
37.378880
37.617718
37.314381
37.595440
37.305870
37.378880
37.317429
37.305870
37.485340
37.439304
37.422852
37.506092
37.400311
37.568001
37.667175
37.366295
37.314587
37.407352
37.330334
37.543530
37.374161
37.305870
37.314381
37.574627
37.305870
37.386539
37.555790
37.535015
37.555790
37.382103
37.314381
37.307789
37.317848
37.314381
37.367535
37.330753
37.366295
37.305870
37.305870
37.355328
37.437794
37.305870
37.354485
37.735260
37.305870
37.467827
37.385128
37.305870
37.457508
37.485340
37.305870
37.387394
37.617718
37.314381
37.603954
37.317429
37.378880
37.341892
37.318081
37.485760
37.439304
37.422852
37.555550
37.449764
37.628426
37.667175
37.439304
37.314587
37.467777
37.374722
37.545448
37.374161
37.305870
37.314381
37.803768
37.305870
37.386539
37.555790
37.535015
37.305870
37.445377
37.322041
37.434860
37.317848
37.415913
37.367535
37.330753
37.366295
37.305870
37.305870
37.355328
37.510807
37.306290
37.354485
37.743977
37.305870
37.467827
37.387051
37.305870
37.459423
37.494057
37.305870
37.387394
37.629276
37.314381
37.622787
37.317429
37.378880
37.341892
37.318081
37.535862
37.366295
37.422852
37.805473
37.522778
37.636086
37.674831
37.439304
37.314587
37.467777
37.374722
37.545448
37.385723
37.313526
37.314381
37.803768
37.314587
37.410999
37.555790
37.535015
37.307789
37.445377
37.322041
37.484318
37.317848
37.415913
37.416992
37.330753
37.366295
37.305870
37.305870
37.355328
37.523014
37.325123
37.366043
37.743977
37.305870
37.560345
37.387051
37.305870
37.459423
37.494057
37.382103
37.387394
37.629276
37.314381
37.622787
37.317429
37.387394
37.341892
37.318081
37.765007
37.545765
37.435059
37.813988
37.523197
37.623875
37.674831
37.463772
37.314587
37.464912
37.383438
37.595554
37.385723
37.376804
37.314381
37.803768
37.315006
37.660923
37.580257
37.848934
37.307789
37.445377
37.322041
37.484318
37.317848
37.415913
37.416992
37.330753
37.366714
37.305870
37.305870
37.366886
37.510807
37.337330
37.429432
37.743977
37.307789
37.560345
37.470955
37.305870
37.459423
37.494057
37.382103
37.406231
37.629276
37.322041
37.695801
37.317429
37.387394
37.341892
37.326794
37.828281
37.545765
37.409397
37.408611
37.354485
37.305870
37.432941
37.305870
37.305870
37.352463
37.341278
37.373154
37.408611
37.305870
37.305870
37.305870
37.305870
37.305870
37.305870
37.305870
37.305870
37.305870
37.305870
37.305870
37.322098
37.373154
37.305870
37.305870
37.305870
37.305870
37.305870
37.352463
37.322098
37.305870
37.354485
37.729401
37.305870
37.491512
37.408611
37.305870
37.305870
37.729401
37.305870
37.305870
37.305870
37.373154
37.848934
37.432941
37.305870
37.322098
37.305870
37.305870
37.323009
37.478245
37.408611
37.458008
37.305870
37.577320
37.305870
37.305870
37.352463
37.341278
37.916218
37.408611
37.305870
37.373154
37.305870
37.341278
37.305870
37.305870
37.848934
37.305870
37.317020
37.305870
37.305870
37.351089
37.373154
37.305870
37.374722
37.305870
37.305870
37.305870
37.352463
37.507740
37.305870
37.305870
37.729401
37.305870
37.508652
37.425747
37.305870
37.491512
37.729401
37.305870
37.305870
37.450249
37.373154
37.866070
37.432941
37.305870
37.322098
37.305870
37.729401
37.323009
37.478245
37.832142
37.458008
37.305870
37.623913
37.323009
37.305870
37.352463
37.410130
37.916218
37.455204
37.305870
37.373154
37.408611
37.341278
37.377430
37.305870
37.848934
37.305870
37.389355
37.373154
37.432941
37.351089
37.373154
37.322098
37.403713
37.323009
37.305870
37.305870
37.352463
37.610481
37.305870
37.305870
37.729401
37.305870
37.508652
37.425747
37.305870
37.491512
37.729401
37.305870
37.373154
37.450249
37.373154
37.933353
37.449169
37.305870
37.390949
37.305870
37.758392
37.323009
37.430164
37.479855
37.404247
37.349400
37.413586
37.383434
37.321262
37.440067
37.401630
37.520252
37.350346
37.357395
37.428249
37.459892
37.413586
37.382030
37.314014
37.389053
37.349400
37.534908
37.450539
37.392086
37.332138
37.511856
37.511707
37.400234
37.371613
37.675034
37.352158
37.429897
37.367924
37.461697
37.398594
37.438648
37.400455
37.431309
37.446186
37.398640
37.592426
37.548264
37.429897
37.643040
37.503395
37.357990
37.440067
37.696247
37.552338
37.459286
37.644360
37.618649
37.754803
37.427361
37.502987
37.482967
37.513958
37.419003
37.531879
37.493484
37.540462
37.477436
37.541645
37.683895
37.602955
37.587887
37.684898
37.542347
37.610783
37.442860
37.703918
37.636715
37.618294
37.604237
37.670818
37.521866
37.587139
37.720211
37.595703
37.553928
37.794266
37.545547
37.611004
37.665276
37.739292
37.530758
37.490711
37.614033
37.770664
37.699516
37.548626
37.700912
37.482967
37.766949
37.502457
37.745125
37.701504
37.630249
37.613724
37.588284
37.705318
37.743660
37.583652
37.774750
37.610844
37.723316
37.455986
37.709194
37.631508
37.685902
37.621197
37.859806
37.649517
37.539814
37.826355
37.620411
37.546810
37.713795
37.844166
37.588970
37.801632
37.827579
37.614670
37.577541
37.708458
37.822769
37.827805
37.879520
37.789272
37.502834
37.860035
37.670956
37.942692
37.777943
37.717220
37.769073
37.680233
37.901173
37.878483
37.672806
37.839123
37.755184
37.720135
37.623272
37.748722
37.712593
37.772472
37.626728
37.988468
37.771221
37.550190
37.811890
37.671692
37.580540
37.836582
37.863289
37.723492
37.776600
37.850468
37.763073
37.607502
37.834831
37.918201
37.988377
37.937233
37.767521
37.738903
37.991169
38.025070
38.075806
37.779495
37.783840
38.026051
37.848450
38.085674
37.973812
37.723354
38.142620
37.751225
37.780704
37.543110
37.768410
37.759796
37.991558
37.710217
38.042534
37.831120
37.508991
38.131317
37.683880
37.638966
37.970230
37.857521
37.703865
37.800434
37.831947
37.809395
37.661854
37.840633
37.949375
37.948795
37.973202
37.794239
37.857410
38.075733
38.046883
38.094784
37.670109
37.774883
37.940510
38.077259
38.026791
37.913559
37.781288
38.156002
37.770733
37.812878
37.591469
37.714836
37.933327
37.991558
37.745953
38.041569
37.887699
37.322098
37.305870
37.326332
37.305870
37.305870
37.341278
37.305870
37.305870
37.352463
37.305870
37.305870
37.305870
37.317020
37.396214
37.322098
37.305870
37.396214
37.305870
37.396214
37.305870
37.318634
37.341278
37.305870
37.305870
37.317020
37.322098
37.334862
37.432941
37.305870
37.305870
37.305870
37.305870
37.305870
37.323009
37.450249
37.305870
37.305870
37.368690
37.341278
37.342560
37.305870
37.305870
37.352428
37.317020
37.305870
37.352463
37.305870
37.432941
37.305870
37.317020
37.416676
37.368690
37.305870
37.425205
37.318634
37.581860
37.305870
37.318634
37.341278
37.373154
37.305870
37.317020
37.368690
37.334862
37.445705
37.305870
37.305870
37.305870
37.305870
37.326332
37.323009
37.461399
37.305870
37.305870
37.368690
37.358418
37.377968
37.305870
37.305870
37.352428
37.317020
37.341278
37.352745
37.450249
37.432941
37.305870
37.317020
37.416676
37.368690
37.450249
37.452328
37.305870
37.581860
37.394596
37.318634
37.341278
37.373154
37.323009
37.317020
37.435974
37.334862
37.445705
37.305870
37.432941
37.305870
37.317020
37.326332
37.413353
37.461399
37.305870
37.305870
37.563946
37.420795
37.305870
37.405212
37.573757
37.422817
37.401119
37.441120
37.414486
37.572815
37.386322
37.609070
37.409164
37.562798
37.457771
37.653629
37.500465
37.393955
37.524662
37.534634
37.614094
37.494396
37.677967
37.647846
37.762432
37.619835
37.625866
37.610142
37.747860
37.664650
37.643818
37.704346
37.644741
37.778557
37.775249
37.726292
37.756313
37.797794
37.544659
37.881100
37.791374
37.784351
37.692570
37.591671
37.875053
37.820354
37.757900
37.819977
37.801464
37.652287
37.613331
37.711285
37.661198
37.759724
37.641598
37.937668
37.702351
37.776230
37.611679
37.779133
37.828495
37.880333
37.505199
37.884727
37.777451
37.779781
37.305870
37.377430
37.377430
37.729401
37.305870
37.374722
37.305870
37.305870
37.374722
37.305870
37.377430
37.374722
37.446281
37.377430
