13.455722
13.475499
15.393055
13.455722
13.455722
15.314406
13.455722
13.455722
13.455722
13.455722
13.455722
13.455722
21.137817
16.116415
13.455722
21.960054
13.455722
13.455722
16.116415
29.620741
13.455722
13.534370
16.116415
13.455722
20.102432
18.145590
13.481210
15.314406
13.455722
16.116415
13.455722
13.455722
20.102432
13.477132
23.461948
13.455722
15.314406
13.455722
18.145590
13.468955
13.455722
21.137817
13.455722
13.455722
13.455722
13.478962
13.455722
13.455722
13.455722
13.528439
13.475499
13.455722
20.024052
15.406287
13.455722
13.459031
15.314406
13.455722
16.828672
13.478962
23.461948
13.481210
13.455722
22.996502
16.116415
13.455722
33.296638
13.455722
13.455722
16.116415
29.620741
17.348345
22.246550
16.137825
13.455722
20.102432
18.249109
13.504450
15.314406
13.477132
20.806284
13.455722
21.938646
30.108660
13.496909
26.122644
13.455722
15.337646
20.102432
18.145590
13.468955
17.421061
21.230310
13.455722
15.314406
16.828672
18.168831
13.481210
13.455722
19.648298
17.421061
13.488731
28.814611
20.024052
20.096155
13.534448
19.492674
15.361304
13.455722
16.828672
13.478962
23.461948
13.481210
13.455722
23.016279
16.116415
13.455722
26.649925
13.455722
13.455722
16.119486
29.620741
26.060524
22.246550
20.827696
13.455722
23.475382
18.249109
13.524227
21.986605
13.477132
20.806284
19.648298
21.958422
30.108660
21.179005
26.122644
21.137817
17.998339
27.784529
18.167002
13.468955
20.081755
21.334524
19.648298
23.797329
16.828672
24.361408
13.502620
21.938646
28.131224
22.110929
13.488731
31.496717
20.024052
20.096155
13.567456
24.182545
15.440028
13.455722
16.901388
13.557688
25.320633
17.397072
13.455722
22.345020
17.975100
13.475499
28.482477
13.455722
13.468955
20.809355
39.626972
33.742622
30.729475
20.840929
22.167902
23.475382
20.931211
13.524227
21.986605
13.458793
24.179235
22.308992
25.331373
36.301239
21.159227
26.122644
21.137817
17.975100
37.812168
18.167002
13.468955
26.274334
21.334524
19.648298
23.820570
16.828672
24.361408
13.581345
23.733343
31.504175
24.771626
13.488731
37.425671
20.024052
28.579081
24.940331
24.182545
13.581345
13.534448
16.904697
13.557688
28.693583
20.789801
21.938646
26.237642
21.348051
16.848448
28.499018
22.167902
17.361576
20.809355
39.640202
33.821346
38.437061
20.919577
29.849997
23.475382
26.162848
23.543688
21.986704
16.119486
24.179235
24.345324
29.223997
36.399666
21.159227
30.812513
23.871229
17.975100
40.472862
18.186777
13.511971
26.274334
20.663265
19.648298
23.820570
16.907320
24.361408
13.581345
23.733343
31.525583
32.453724
13.475499
37.425671
23.397003
28.565847
26.976660
34.721882
13.648477
13.626941
16.904697
13.570920
28.706816
20.789801
31.944874
26.260883
21.348051
16.848448
37.211201
22.246550
17.381353
20.809355
39.640202
42.304272
38.456837
28.944704
29.871408
34.046249
32.796127
23.543688
22.006481
16.142727
24.179235
28.237947
29.296713
36.399666
21.159227
30.832291
34.390484
18.047817
49.263695
18.265425
13.590697
33.956432
26.855844
19.663244
33.826801
18.844728
34.440357
13.654061
23.733343
31.528894
34.312408
13.475499
52.263416
31.905413
28.565847
26.956884
34.728855
13.648477
13.626941
16.904697
23.649862
30.612082
25.054735
32.023521
24.150574
31.354277
16.848448
43.403778
22.266327
24.028063
27.456068
39.640202
48.788837
38.456837
30.803389
29.871408
34.046249
41.508305
28.233557
22.085207
16.142727
24.179235
28.310665
35.943424
29.752953
27.805939
30.832291
34.390484
18.086538
49.263695
18.265425
13.590697
33.956432
36.862076
19.663244
40.473511
18.844728
34.465847
13.654061
23.733343
31.528894
34.333820
13.475499
52.263416
35.798038
34.758526
31.788401
34.753651
13.671993
13.652429
16.896683
23.669640
30.631859
25.034958
29.469994
24.150574
33.186829
16.921164
44.560791
22.266327
25.886747
27.480860
39.640202
53.282085
40.251534
30.882114
38.354332
34.071735
36.793644
28.312281
22.085207
23.824823
24.179235
28.310665
35.943424
29.752953
36.518120
30.857779
34.390484
18.086538
49.263695
18.265425
13.590697
33.956432
45.345001
19.684652
42.268208
18.844728
34.465847
13.654061
23.733343
31.554380
44.340046
15.334183
49.881641
35.822830
37.755863
31.892538
34.773426
21.354090
13.673839
16.916458
23.669640
30.657347
25.034958
33.362617
24.229300
33.228016
16.999891
47.355480
22.266327
43.575069
27.506346
39.643513
54.366383
40.251534
36.731663
38.355770
37.984138
36.793644
34.958996
27.600313
38.954460
24.251953
28.323896
35.943424
31.585503
29.871408
30.951904
40.602840
18.086538
49.276924
18.265425
16.963646
33.956432
45.345001
28.396833
42.268208
16.986044
34.487255
22.136984
28.423212
31.554380
44.365532
15.334183
47.341343
35.901554
37.828579
31.915781
34.773426
21.354090
16.314756
25.399384
31.351738
30.657347
21.740656
38.072018
24.229300
38.567245
16.999891
47.375256
22.266327
48.068317
43.705154
39.663292
54.433514
46.850941
36.731663
42.248394
37.964359
36.793644
34.958996
27.600313
48.960690
24.330679
33.155418
36.022076
31.634232
31.730093
39.664089
42.435390
30.129097
53.966793
18.284956
23.610357
33.956432
45.345001
28.416609
46.958076
16.986044
34.507030
22.136984
28.436445
31.554380
40.472912
15.334183
51.316311
42.548267
40.490047
39.597881
34.773426
21.354090
16.314756
33.081486
33.989193
30.657347
21.740656
39.866714
26.957125
36.708565
20.892515
49.233940
22.246550
48.068317
45.642490
39.670269
49.302181
46.850941
40.104610
42.248394
37.977592
45.141972
34.958996
27.746094
48.973923
30.998800
33.234142
32.727848
31.711676
31.730093
39.687328
42.454922
30.129097
53.981644
18.284956
27.502981
33.979671
45.423649
35.063324
43.659306
16.986044
43.219212
22.136984
33.951553
31.536043
40.472912
15.334183
54.111668
42.644222
50.496277
39.597881
34.852077
21.455976
26.399633
39.728191
34.014683
30.680588
27.948084
39.945438
26.957125
36.721794
20.892515
49.233940
27.761656
50.104649
45.642490
39.670269
49.325428
46.850941
40.104610
42.327045
38.041805
45.165211
45.529858
27.833822
48.999409
41.005028
35.092831
40.409946
35.084629
31.711752
39.687328
47.365089
38.604008
54.004887
24.477535
27.502981
33.979671
43.313339
35.136040
49.262535
25.770943
49.865925
30.849165
33.977039
40.248222
42.380058
15.355593
54.111668
42.708439
50.575001
39.597881
34.875317
24.848705
26.399633
39.751434
44.897129
30.680588
27.948084
48.657619
26.957125
34.168266
29.185431
49.339588
27.761656
47.551121
53.324581
39.693508
48.654167
50.223888
48.816792
42.327045
30.776230
45.180157
45.529858
27.833822
50.936821
41.005028
35.138092
44.929325
39.009769
31.711752
39.687328
47.365089
46.286106
54.060368
29.992643
35.985909
33.979771
37.120762
42.843624
51.923229
30.035877
49.944649
30.849165
33.998451
40.326870
42.393291
15.428309
54.131443
42.708439
50.594780
39.597881
34.855541
30.363813
23.846102
43.644058
56.539757
37.327301
27.948084
48.657619
26.957125
36.204597
31.044115
49.339588
27.761656
47.551121
46.677876
39.766224
48.654167
56.416470
48.816792
42.327045
37.047535
45.180157
45.510082
27.833822
50.936821
41.008339
35.141399
38.285923
38.986526
32.796051
37.133801
41.560181
46.286106
60.252945
36.113628
42.165257
39.494877
41.823864
46.216576
51.923229
37.717976
49.944649
40.855396
40.119438
42.987568
49.040001
15.428309
58.821316
42.729847
44.421562
56.250820
34.855541
30.360323
23.838087
43.644058
55.868496
39.234447
24.068695
48.679028
35.440052
36.191364
37.236694
49.365078
27.834373
40.904411
46.677876
36.984657
46.543858
58.353878
48.798450
42.327045
37.047535
52.862255
45.613525
27.833822
50.936821
41.008339
35.284264
38.292900
39.065250
32.796051
38.218094
41.560181
45.614849
57.028156
36.186344
42.165257
39.494877
41.848652
54.699501
59.605328
37.739384
49.944649
40.855396
47.801533
45.023899
49.021763
15.428309
58.972759
42.729847
46.246101
50.447041
30.963015
32.192875
38.300343
45.438755
55.868496
43.924320
32.551620
48.703823
35.463570
40.881237
37.228680
49.365078
27.834373
37.011787
46.691105
36.984657
52.736439
55.572311
48.798450
42.327045
37.047535
52.862255
45.613525
27.847055
51.003952
46.136906
35.284264
38.318386
39.065250
32.796051
38.218094
41.560181
48.987801
65.511078
36.168003
42.165257
39.494877
41.848652
48.506924
59.678043
42.577065
49.944649
49.117054
47.801533
46.108196
54.431042
15.428309
58.972759
45.390545
46.351749
50.447041
32.999348
42.271820
41.654957
38.792046
57.775642
50.120209
38.066730
57.183086
43.733246
40.953953
45.688362
49.443729
27.834373
37.011787
54.960781
42.216290
52.749668
55.552532
55.442097
42.352531
37.047535
52.862255
51.128632
38.729504
51.003952
46.136906
35.284264
48.324619
39.065250
36.169003
38.218094
43.418865
46.877487
66.595375
40.060627
42.145477
40.682304
44.509350
48.487148
59.678043
42.577168
43.376587
58.897099
47.801533
46.180912
54.431042
15.428309
58.972759
53.652203
46.378910
58.716717
32.999348
42.271820
41.654957
38.792046
64.283981
50.120209
38.043484
63.395443
43.754658
40.953953
55.694592
44.815044
27.834373
40.384739
54.960781
42.216290
52.749767
65.982285
55.428860
42.431255
37.070774
52.847309
51.128632
32.155510
55.693821
42.763954
31.391638
54.517193
55.459530
32.792980
38.218094
43.418865
46.877487
66.595375
40.060627
44.071293
40.701668
48.401974
48.479130
59.678043
42.577168
43.376587
58.912045
47.801533
46.180912
57.566437
15.420295
58.997547
53.652203
46.378910
69.599167
32.999348
41.600563
41.654957
38.792046
64.283981
53.802765
38.043484
63.395443
43.754757
40.977192
55.694592
44.815044
32.099308
40.463390
54.975636
49.141922
52.749767
62.683506
59.321484
47.121128
37.070774
56.739933
46.428822
32.155510
53.163879
51.246876
41.397869
54.517193
51.547131
32.792980
38.242886
50.065575
46.864258
66.595375
40.060627
50.704567
40.701668
43.708721
48.493423
59.678043
42.577168
43.376587
58.920338
49.660217
50.885632
57.566437
19.685228
55.104927
53.652203
55.091091
69.663376
29.626394
46.290432
41.654957
38.792046
64.270752
47.586948
38.107700
56.763580
43.774120
40.977192
57.489288
43.007282
32.099308
48.733059
54.975636
49.231625
58.264874
66.948441
60.405781
47.121128
47.077003
56.765419
49.801769
44.102543
53.163879
51.228539
41.397869
54.517193
51.568340
32.792980
42.271015
53.438526
46.864258
66.595375
44.369392
48.322796
40.780315
45.503418
41.846714
57.124516
47.687138
46.037281
60.791115
49.675163
58.567730
51.256775
19.790878
55.169140
62.364384
55.105942
69.688171
29.626394
46.267193
41.654957
35.497742
66.109657
44.292721
40.903057
56.763580
43.774120
45.833210
60.149982
44.801983
32.100372
53.422932
52.422100
49.231625
64.984299
69.609131
60.405781
47.118053
47.077003
56.777512
49.802830
47.995167
58.331524
51.228539
39.546162
54.510654
56.259270
32.792980
52.810349
58.128395
43.491306
66.595375
44.369492
42.130215
38.921635
45.503418
50.116386
59.160847
47.015881
46.037281
61.875412
49.747879
58.567730
57.449352
17.932196
55.236271
62.346046
55.105942
69.688171
38.109322
48.174339
46.344822
35.519154
62.736710
44.292721
49.172733
65.033249
43.774120
45.833210
51.880310
51.509434
32.100372
53.495647
52.500828
49.231625
64.984299
61.557877
60.420727
56.898098
48.909554
56.754269
49.802830
47.995167
58.356319
51.228539
46.260002
54.510654
56.259270
35.595684
52.810349
58.128395
41.632622
69.968323
44.384342
42.179691
47.404560
45.503418
50.195110
59.182255
49.677349
46.052132
61.875412
53.640499
57.896465
62.305664
26.415119
55.217930
70.028137
61.659260
69.688171
38.109322
48.174339
54.827747
35.519154
65.521126
48.249554
49.172733
65.058731
43.799606
45.825195
51.903378
51.509434
33.184666
53.495647
52.500828
49.231625
65.009094
63.390427
60.518932
59.572025
48.942070
58.790600
58.285755
47.995167
58.434963
55.178017
40.090942
58.775585
56.259270
33.737000
52.787109
58.128395
46.322491
69.968430
51.031055
42.179691
47.404560
45.503418
50.218353
67.894432
49.744480
49.944752
61.875412
52.969242
57.960682
62.305664
26.493845
55.217930
66.655182
63.453953
69.709579
33.394661
57.343380
58.720371
31.626528
61.552143
48.270966
49.172733
65.071976
43.799606
43.992645
51.903378
52.328854
33.184666
53.495647
56.450306
46.699505
65.030502
63.463142
60.518932
59.586872
47.130932
58.791744
58.272526
48.027683
58.499180
63.890198
40.114182
63.465458
54.426720
38.426868
61.270035
61.349762
46.322491
67.858124
51.026852
48.338341
41.240143
45.503418
50.218353
67.894432
49.744480
43.752178
66.565277
49.670464
58.480354
62.384312
33.140560
49.414158
59.985241
63.455017
69.696342
33.394661
57.368172
67.161774
31.626528
61.552143
48.295757
49.172832
65.071976
49.334244
43.992645
51.903378
52.310513
33.184666
53.495647
59.823254
53.552998
68.801186
70.109848
60.518932
59.586872
47.130932
58.855953
58.272526
48.027683
63.355198
63.218941
40.114182
63.452221
54.499435
38.426868
61.250256
63.124683
55.034672
67.858124
54.403912
48.341648
44.613094
48.559902
50.218353
71.267380
49.744480
39.859554
66.565277
49.657234
63.995464
62.404087
33.140560
50.478680
59.985241
68.970123
69.696342
33.394661
62.224190
67.228905
31.606749
70.264320
54.871235
56.854931
65.071976
55.526821
44.071369
53.939709
52.310513
33.199516
53.510597
63.715878
53.583786
68.787949
70.109848
60.518932
59.586872
49.870274
56.302425
58.345242
48.027683
63.387714
65.013634
40.129032
63.452221
54.520847
38.441387
61.347889
63.124683
55.113396
67.839783
54.403912
48.341648
51.259800
48.540127
50.218353
71.267380
49.763844
39.926414
66.546936
49.638897
63.995464
61.765347
33.166050
50.465443
51.715565
68.970123
63.503773
33.407894
62.126659
69.265236
28.307974
67.710785
54.871235
57.007038
66.156265
55.526821
44.048130
58.771229
52.297283
41.682442
52.839340
63.715878
61.314796
68.787949
70.110916
74.790085
59.586872
48.031120
56.302425
58.369961
50.823040
61.298611
65.092285
40.129032
63.452324
54.520847
38.514107
63.259167
71.272224
55.113396
71.732407
54.403912
48.443813
53.054501
48.541187
50.200016
76.782486
52.424541
39.926414
66.571732
53.947659
63.995464
61.752117
33.189289
50.465443
51.715565
70.054413
63.537350
33.463375
70.396324
69.262169
28.307974
69.747116
54.871235
63.147388
66.156372
55.516811
44.048130
58.876881
60.058102
41.682442
44.569664
63.715878
64.110146
68.779938
66.526062
70.377876
66.233582
53.546227
56.302425
58.437092
50.823040
61.298611
65.092285
48.398708
65.510056
53.849590
45.966808
63.240829
71.264206
56.908092
70.266602
50.819073
52.393291
53.054501
48.541187
54.092640
80.675110
54.257092
39.941360
66.568665
53.427986
65.873917
55.559536
33.189289
50.462372
51.044308
63.273624
65.396027
33.464439
66.010246
76.419800
28.307974
73.696594
54.871235
63.148449
61.441715
55.516811
51.755714
58.876881
60.058201
48.370422
44.569664
63.715878
64.110146
64.868973
59.879360
70.377876
66.233582
44.800121
56.302425
61.097786
50.975151
69.870201
67.128616
48.385475
63.449993
53.849590
54.449734
63.240829
72.747276
63.120449
74.531540
52.726223
52.393398
49.747707
44.648563
54.092640
89.090607
54.257092
37.387829
77.053459
63.224461
65.873917
59.847713
33.282879
50.465683
51.044308
66.076324
65.417236
33.464439
66.074219
76.419800
28.307974
73.699905
59.136166
65.007133
57.549091
67.559372
56.568897
57.018192
64.054611
58.376652
44.595150
63.715878
70.302727
67.671677
59.217091
63.112309
69.606537
49.489986
56.302425
61.089771
50.975151
66.512100
71.393547
40.018269
63.529057
53.849590
54.472973
63.240829
70.193741
67.976463
74.528465
60.995899
57.083263
49.747707
44.648563
54.092640
95.361832
54.285255
37.387829
77.041367
69.871170
61.981297
59.847713
33.350014
20.102432
20.024052
15.406287
13.455722
16.831980
15.339894
13.455722
16.828672
13.478962
23.461948
13.481210
13.455722
22.996502
16.116415
13.455722
26.649925
13.455722
13.455722
16.137825
29.620741
17.348345
22.246550
20.827696
13.455722
23.475382
18.249109
13.504450
15.339894
13.477132
20.806284
13.455722
21.938646
30.108660
21.179005
27.981327
13.455722
17.998339
20.102432
18.145590
13.468955
17.421061
21.309036
13.455722
23.797329
16.828672
24.361408
13.502620
13.455722
28.131224
17.421061
13.488731
37.425671
20.024052
28.579081
24.940331
24.182545
13.581345
13.534448
16.904697
13.557688
28.693583
20.789801
21.938646
26.237642
21.348051
16.848448
28.499018
22.167902
17.361576
20.809355
39.640202
33.821346
38.437061
20.919577
29.849997
23.475382
26.162848
23.543688
21.986704
16.119486
24.179235
24.345324
29.223997
36.399666
21.159227
30.812513
23.871229
17.975100
40.472862
18.186777
13.511971
26.274334
20.663265
19.648298
23.820570
16.907320
24.361408
13.581345
23.733343
31.525583
32.453724
13.475499
52.263416
31.905413
28.565948
26.956884
34.728855
13.671993
13.652429
16.904697
23.669640
30.631859
25.034958
29.469994
24.150574
33.186829
16.921164
44.488075
22.266327
24.028063
27.456068
39.640202
51.449535
40.251534
30.803389
29.871408
34.046249
36.793644
28.233557
22.085207
23.824823
24.179235
28.310665
35.943424
29.752953
36.518120
30.832291
34.390484
18.086538
49.263695
18.265425
13.590697
33.956432
45.345001
19.684652
40.473511
18.844728
34.465847
13.654061
23.733343
31.554380
44.340046
13.475499
47.341343
35.901554
37.828579
31.915781
34.773426
21.354090
16.314756
25.399384
31.351738
30.657347
21.740656
38.072018
24.229300
38.567245
16.999891
47.375256
22.266327
48.068317
43.705154
39.663292
54.433514
46.850941
36.731663
42.248394
37.964359
36.793644
34.958996
27.600313
48.960690
24.330679
33.155418
36.022076
31.634232
31.730093
39.664089
42.435390
30.129097
53.966793
18.284956
23.610357
33.956432
45.345001
28.416609
46.958076
16.986044
34.507030
22.136984
28.436445
31.554380
40.472912
15.334183
54.111668
42.708439
50.496277
39.597881
34.852077
21.475756
26.399633
39.728191
38.704552
30.680588
27.948084
39.945438
26.957125
34.168266
29.162189
49.233940
27.761656
47.551121
53.324581
39.693508
48.654167
46.850941
40.104610
42.327045
34.668854
45.180157
45.529858
27.833822
50.858093
41.005028
35.112606
43.070641
35.117146
31.711752
39.687328
47.365089
38.604008
53.981644
24.477535
27.502981
33.979671
43.313339
35.161530
49.262535
30.035877
49.944649
30.849165
33.998451
40.248222
42.380058
15.428309
58.821316
42.729847
44.421562
56.250820
34.855541
30.360323
23.838087
43.644058
55.868496
39.234447
24.068695
48.679028
35.440052
36.191364
37.236694
49.365078
27.834373
40.904411
46.677876
36.984657
46.543858
58.353878
48.798450
42.327045
37.047535
52.862255
45.613525
27.833822
50.936821
41.008339
35.284264
38.292900
39.065250
32.796051
38.218094
41.560181
45.614849
57.028156
36.186344
42.165257
39.494877
41.848652
54.699501
59.605328
37.739384
49.944649
40.855396
47.801533
45.023899
49.021763
15.428309
58.972759
53.660217
46.398685
50.447041
32.999348
42.271820
41.654957
38.792046
64.283981
50.120209
38.043484
63.375664
43.754658
40.953953
45.688362
49.443729
27.834373
37.011787
54.960781
42.216290
52.749668
61.673519
55.442097
42.352531
37.070774
52.862255
51.128632
32.082794
51.003952
46.136906
35.284264
48.324619
46.747349
36.165932
38.218094
43.418865
46.877487
66.595375
40.060627
44.004162
40.701668
48.401974
48.487148
59.678043
42.577168
43.376587
58.897099
47.801533
46.180912
60.939388
15.420295
55.104927
53.652203
55.091091
69.663376
29.626394
46.290432
41.654957
38.792046
64.270752
47.586948
38.107700
56.763580
43.774120
40.977192
57.489288
43.007282
32.099308
48.733059
54.975636
49.231625
58.264874
66.948441
60.405781
47.121128
47.077003
56.765419
49.801769
44.102543
53.163879
51.228539
41.397869
54.517193
51.568340
32.792980
42.271015
53.438526
46.864258
66.595375
44.369392
48.322796
40.780315
45.503418
41.846714
57.124516
47.687138
46.037281
60.791115
49.675163
58.567730
51.256775
19.790878
55.217930
70.028137
57.766636
69.688171
38.109322
48.174339
54.827747
35.519154
65.499718
48.185345
49.172733
65.033249
43.799606
45.833210
51.881969
51.509434
32.100372
53.495647
52.500828
49.231625
64.984299
61.557877
60.493443
56.911327
48.909554
56.754269
49.802830
47.995167
58.356319
51.228539
46.283520
58.775585
56.259270
35.595684
52.787109
58.128395
46.322491
69.968430
44.384342
42.179691
47.404560
45.503418
50.218353
59.182255
49.744480
46.052132
61.875412
53.640499
57.896465
62.305664
26.415119
49.414158
59.985241
63.455017
69.696342
33.394661
57.368172
67.161774
31.626528
61.552143
48.295757
49.172832
65.071976
49.334244
43.992645
51.903378
52.310513
33.184666
53.495647
59.823254
53.552998
68.801186
70.109848
60.518932
59.586872
47.130932
58.855953
58.272526
48.027683
63.355198
63.218941
40.114182
63.452221
54.499435
38.426868
61.250256
63.124683
55.034672
67.858124
54.403912
48.341648
44.613094
48.559902
50.218353
71.267380
49.744480
39.859554
66.565277
49.657234
63.995464
62.404087
33.140560
50.465443
51.715565
70.054413
63.536289
33.486618
62.126659
69.262169
28.307974
67.710785
54.871235
57.026402
66.156265
55.540051
44.048130
58.771229
59.979378
41.682442
52.839340
63.715878
61.314796
68.779938
70.110916
72.931412
59.586872
53.546227
56.302425
58.369961
50.823040
61.298611
65.092285
40.129032
63.473732
54.520847
48.520336
63.240829
71.272224
55.113396
68.359451
54.403912
52.393291
53.054501
48.541187
50.200016
76.782486
54.257092
39.926414
66.571732
57.320610
64.015236
55.559536
33.189289
50.465683
51.044308
66.076324
65.417236
33.464439
66.074219
76.419800
28.307974
73.699905
59.136166
65.007133
57.549091
67.559372
56.568897
57.018192
64.054611
58.376652
44.595150
63.715878
70.302727
67.671677
59.217091
63.112309
69.606537
49.489986
56.302425
61.089771
50.975151
66.512100
71.393547
40.018269
63.529057
53.849590
54.472973
63.240829
70.193741
67.976463
74.528465
60.995899
57.083263
49.747707
44.648563
54.092640
95.361832
54.285255
37.387829
77.041367
69.871170
61.981297
59.847713
33.350014
37.425671
20.024052
28.579081
24.940331
24.182545
13.581345
13.534448
16.904697
13.557688
28.693583
20.789801
21.938646
26.237642
21.348051
16.848448
28.499018
22.167902
17.361576
20.809355
39.640202
33.821346
38.437061
20.919577
29.849997
23.475382
26.162848
23.543688
21.986704
16.119486
24.179235
24.345324
29.223997
36.399666
21.159227
30.812513
23.871229
17.975100
40.472862
18.186777
13.511971
26.274334
20.663265
19.648298
23.820570
16.907320
24.361408
13.581345
23.733343
31.525583
32.453724
13.475499
47.341343
35.901554
37.828579
31.915781
34.773426
21.354090
16.314756
25.399384
31.351738
30.657347
21.740656
38.072018
24.229300
38.567245
16.999891
47.375256
22.266327
48.068317
43.705154
39.663292
54.433514
46.850941
36.731663
42.248394
37.964359
36.793644
34.958996
27.600313
48.960690
24.330679
33.155418
36.022076
31.634232
31.730093
39.664089
42.435390
30.129097
53.966793
18.284956
23.610357
33.956432
45.345001
28.416609
46.958076
16.986044
34.507030
22.136984
28.436445
31.554380
40.472912
15.334183
58.821316
42.729847
44.421562
56.250820
34.855541
30.360323
23.838087
43.644058
55.868496
39.234447
24.068695
48.679028
35.440052
36.191364
37.236694
49.365078
27.834373
40.904411
46.677876
36.984657
46.543858
58.353878
48.798450
42.327045
37.047535
52.862255
45.613525
27.833822
50.936821
41.008339
35.284264
38.292900
39.065250
32.796051
38.218094
41.560181
45.614849
57.028156
36.186344
42.165257
39.494877
41.848652
54.699501
59.605328
37.739384
49.944649
40.855396
47.801533
45.023899
49.021763
15.428309
55.104927
53.652203
55.091091
69.663376
29.626394
46.290432
41.654957
38.792046
64.270752
47.586948
38.107700
56.763580
43.774120
40.977192
57.489288
43.007282
32.099308
48.733059
54.975636
49.231625
58.264874
66.948441
60.405781
47.121128
47.077003
56.765419
49.801769
44.102543
53.163879
51.228539
41.397869
54.517193
51.568340
32.792980
42.271015
53.438526
46.864258
66.595375
44.369392
48.322796
40.780315
45.503418
41.846714
57.124516
47.687138
46.037281
60.791115
49.675163
58.567730
51.256775
19.790878
49.414158
59.985241
63.455017
69.696342
33.394661
57.368172
67.161774
31.626528
61.552143
48.295757
49.172832
65.071976
49.334244
43.992645
51.903378
52.310513
33.184666
53.495647
59.823254
53.552998
68.801186
70.109848
60.518932
59.586872
47.130932
58.855953
58.272526
48.027683
63.355198
63.218941
40.114182
63.452221
54.499435
38.426868
61.250256
63.124683
55.034672
67.858124
54.403912
48.341648
44.613094
48.559902
50.218353
71.267380
49.744480
39.859554
66.565277
49.657234
63.995464
62.404087
33.140560
50.465683
51.044308
66.076324
65.417236
33.464439
66.074219
76.419800
28.307974
73.699905
59.136166
65.007133
57.549091
67.559372
56.568897
57.018192
64.054611
58.376652
44.595150
63.715878
70.302727
67.671677
59.217091
63.112309
69.606537
49.489986
56.302425
61.089771
50.975151
66.512100
71.393547
40.018269
63.529057
53.849590
54.472973
63.240829
70.193741
67.976463
74.528465
60.995899
57.083263
49.747707
44.648563
54.092640
95.361832
54.285255
37.387829
77.041367
69.871170
61.981297
59.847713
33.350014
13.540067
13.469323
13.455722
13.455722
13.455722
13.455722
18.294981
23.740227
13.455722
16.690115
13.469323
13.455722
13.455722
32.333237
13.455722
23.925611
32.333237
13.455722
32.333237
13.455722
13.455722
13.457118
13.459129
16.690115
13.455722
13.455722
13.455722
13.455722
13.455722
23.740227
13.459129
13.455722
13.455722
13.604053
13.455722
24.130325
13.469323
13.455722
13.455722
13.604053
13.455722
23.925611
13.455722
16.690115
13.662837
13.455722
23.925611
13.459129
13.455722
13.455722
23.929056
13.565187
13.470719
13.540067
17.710320
13.650040
13.455722
18.294981
31.982738
13.455722
16.897230
13.469323
13.455722
16.690115
32.333237
13.455722
23.925611
32.333237
13.662837
32.333237
24.305092
13.455722
13.457118
13.459129
16.690115
21.698233
13.480841
13.455722
13.455722
13.455722
23.740227
24.133734
13.455722
13.496154
13.604053
13.455722
34.603664
23.942657
13.455722
24.130325
13.604053
13.455722
23.925611
13.650040
16.690115
24.136171
13.455722
23.925611
13.459129
13.455722
13.604053
34.398949
13.565187
13.619050
13.541463
36.587833
23.934546
23.929056
18.294981
31.984135
13.480841
16.897230
23.753828
13.455722
16.690115
32.346836
13.455722
23.931881
32.333237
13.662837
32.333237
24.305092
16.690115
13.457118
13.459129
16.690115
21.701639
13.480841
23.929056
13.455722
13.455722
23.740227
24.147333
13.455722
13.496154
32.481567
13.455722
34.603664
23.942657
13.455722
32.372837
13.604053
13.455722
27.160006
13.650040
16.690115
27.370565
13.459129
23.925611
13.484248
17.710320
13.604053
34.398949
13.565187
23.903555
23.825968
47.061169
23.934546
34.398949
18.294981
42.457470
13.526421
16.898626
23.753828
13.455722
16.690115
32.553951
13.455722
23.931881
32.333237
13.662837
13.455722
31.200563
16.696384
13.536417
13.459129
27.364719
21.701639
13.480841
23.929056
13.455722
13.455722
23.740227
34.617226
13.455722
13.496154
37.320827
13.455722
34.603664
23.944054
13.455722
32.374233
18.443312
13.455722
27.160006
13.653447
16.690115
27.384167
13.459129
23.925611
13.484248
17.710320
21.846563
23.929056
13.565187
42.781071
34.295860
47.067440
23.940815
34.398949
18.294981
42.457470
13.526421
16.898626
23.757235
13.461991
16.690115
32.553951
18.294981
23.956999
32.333237
13.662837
13.457118
31.200563
16.696384
23.820921
13.459129
27.364719
31.986147
13.480841
23.929056
13.455722
13.455722
23.740227
38.871822
13.469323
13.499560
37.320827
13.455722
34.688007
23.944054
13.455722
32.374233
18.443312
24.305092
27.160006
13.653447
16.690115
27.384167
13.459129
27.160006
13.484248
17.710320
22.053679
24.077387
17.819782
46.015465
34.295860
42.812840
23.940815
34.424068
18.294981
42.153309
18.365679
25.141138
23.757235
20.357462
16.690115
32.553951
18.294981
42.834515
32.358356
13.946576
13.457118
31.200563
16.696384
23.820921
13.459129
27.364719
31.986147
13.480841
23.929056
13.455722
13.455722
23.743635
34.617226
17.723921
27.465265
37.320827
13.457118
34.688007
24.004644
13.455722
32.374233
18.443312
24.305092
27.173607
13.653447
16.696384
37.854061
13.459129
27.160006
13.484248
22.549580
28.949148
24.077387
13.550101
13.529914
13.496154
13.455722
13.535021
13.455722
13.455722
23.436066
13.455722
22.567259
13.529914
13.455722
13.455722
13.455722
13.455722
13.455722
13.455722
13.455722
13.455722
13.455722
13.455722
13.455722
13.459760
22.567259
13.455722
13.455722
13.455722
13.455722
13.455722
23.436066
13.459760
13.455722
13.496154
13.805771
13.455722
27.919477
13.529914
13.455722
13.455722
13.805771
13.455722
13.455722
13.455722
22.567259
13.946576
13.535021
13.455722
13.459760
13.455722
13.455722
19.026999
13.620801
13.529914
13.590533
13.455722
13.624988
13.455722
13.455722
23.436066
13.455722
23.058111
13.529914
13.455722
22.567259
13.455722
13.455722
13.455722
13.455722
13.946576
13.455722
17.593958
13.455722
13.455722
13.459760
22.567259
13.455722
13.526421
13.455722
13.455722
13.455722
23.436066
27.923515
13.455722
13.455722
13.805771
13.455722
33.490757
19.101191
13.455722
27.919477
13.805771
13.455722
13.455722
13.545689
22.567259
19.517853
13.535021
13.455722
13.459760
13.455722
13.805771
19.026999
13.620801
13.879963
13.590533
13.455722
23.605330
19.026999
13.455722
23.436066
13.526421
23.058111
23.510258
13.455722
22.567259
13.529914
13.455722
13.514306
13.455722
13.946576
13.455722
17.648821
22.567259
13.535021
13.459760
22.567259
13.459760
13.526421
19.026999
13.455722
13.455722
23.436066
27.997707
13.455722
13.455722
13.805771
13.455722
33.490757
19.101191
13.455722
27.919477
13.805771
13.455722
22.567259
13.545689
22.567259
28.629389
13.539059
13.455722
13.530458
13.455722
13.805771
19.026999
31.980577
24.589417
27.106295
21.137817
29.620741
18.184311
21.867723
37.138233
25.592028
46.653301
24.792303
22.423759
33.271862
31.396717
29.620741
25.186586
19.489367
31.677153
21.137817
42.542408
34.834827
28.716455
16.841904
26.139174
33.765064
27.985521
24.338169
31.698362
24.829052
31.702639
25.373472
34.285912
32.483143
22.206621
27.330397
26.883259
20.799944
29.427048
47.069622
23.825224
36.169296
49.573696
36.425037
26.570826
37.138233
50.918224
58.829472
35.961411
45.554447
42.505146
49.188709
36.174061
40.091343
21.500650
57.469353
36.944973
45.244102
49.405766
37.866795
39.191967
32.785885
46.017792
36.130287
45.312714
35.590984
47.881351
46.805489
41.560966
53.911568
52.112782
37.003544
32.137634
47.762211
31.603418
44.563152
64.008896
34.168018
56.599113
47.557484
44.894730
44.447891
70.704636
62.207500
58.580402
39.450756
49.022861
44.631176
39.623188
58.755688
52.207085
21.500650
68.971146
46.502064
54.065769
47.897099
49.350056
41.308563
37.379215
45.588451
46.662655
41.939762
36.474628
58.029736
54.512131
48.416653
65.802422
50.825542
47.346775
43.250240
47.880150
45.709042
37.171204
76.908211
43.948055
55.952644
37.611996
52.314465
44.434658
77.442284
66.984680
69.392197
59.781906
59.290447
44.663692
41.643379
75.069931
53.508183
18.277020
74.015503
47.679855
72.224289
56.045654
58.962231
66.056633
53.661049
62.551563
69.217239
52.270088
37.944107
58.480427
57.018497
51.854816
71.872208
59.950756
45.909554
47.769619
73.436478
56.994671
41.141315
88.024529
60.723125
52.539345
50.049423
62.996998
55.063366
65.760498
67.925201
69.508881
61.576603
59.393887
56.291149
62.399002
77.997742
51.932281
38.500076
74.097214
54.475552
80.244080
60.853012
65.595505
81.116470
64.040733
62.680122
74.810768
60.109848
59.027100
54.788990
71.723785
39.913406
68.023911
69.232437
46.931469
59.286449
75.693161
65.460861
36.300938
84.590958
55.934456
57.950283
55.534191
66.833740
52.360134
65.775345
65.994926
74.372536
71.552788
63.961735
61.352123
64.861153
85.393402
55.052906
53.395226
79.904144
59.136791
84.903275
56.211094
56.671032
58.586708
67.435638
60.768448
73.742386
70.907318
60.371796
56.731274
72.814796
44.349983
60.913105
83.210052
46.931469
66.303192
70.717934
76.172821
13.459760
13.455722
13.471168
13.455722
13.455722
13.455722
13.455722
13.455722
23.436066
13.455722
13.455722
13.455722
17.593958
21.700127
13.459760
13.455722
21.700127
13.455722
21.700127
13.455722
19.715420
13.455722
13.455722
13.455722
17.593958
13.459760
13.455722
13.535021
13.455722
13.455722
13.455722
13.455722
13.455722
19.026999
13.545689
13.455722
13.455722
23.440104
13.455722
13.475205
13.455722
13.455722
17.593958
17.593958
13.455722
23.436066
13.455722
13.535021
13.455722
17.593958
21.715572
23.440104
13.455722
21.700127
19.715420
36.163883
13.455722
19.715420
13.455722
22.567259
13.455722
17.593958
23.440104
13.455722
19.794718
13.455722
13.455722
13.455722
13.455722
13.471168
19.026999
17.683926
13.455722
13.455722
23.440104
19.026999
13.475205
13.455722
13.455722
17.593958
17.593958
13.455722
23.466541
13.545689
13.535021
13.455722
17.593958
21.715572
23.440104
13.545689
21.700127
13.455722
36.163883
14.162710
19.715420
13.455722
22.567259
19.026999
17.593958
32.551643
13.455722
19.794718
13.455722
13.535021
13.455722
17.593958
13.471168
27.271404
17.683926
13.455722
13.455722
13.676567
13.554988
13.455722
13.545661
13.678399
13.554224
13.534448
13.575521
13.547341
13.684582
13.528439
13.713603
13.550487
13.674295
13.588700
13.754111
13.624387
13.528625
13.645032
13.651019
13.719861
13.618926
13.777574
13.760818
13.854045
13.739702
13.734311
13.715034
13.837217
13.767972
13.749716
13.809505
13.755043
13.873233
13.868217
13.825653
13.857018
13.892354
13.660228
13.953218
13.879836
13.869651
13.794830
13.706162
13.957122
13.911219
13.851060
13.909993
13.893996
13.751366
13.715692
13.809009
13.754709
13.853813
13.748933
14.016761
13.813687
13.867503
13.723873
13.873497
13.910693
13.958333
13.631314
13.963063
13.869975
13.863124
13.455722
13.514306
13.514306
13.805771
13.455722
13.526421
13.455722
13.455722
13.526421
13.455722
13.514306
13.526421
13.585005
13.514306
